1000,'2',604,,4562,299,0,9 14 15 16,1,15,,4563,299,0,9 14 15 16,1,15,,4564,299,0,9 14 15 16,1,15,,4565,299,0,9 14 15 16,1,55,,4566,299,0,9 14 15 16,1,15,,4567,299,0,9 14 15 16,1,17,,4568,379,0,9 14 15 16,1,15,,4569,379,0,9 14 15 16,1,55,,4570,379,0,9 14 15 16,1,15,,4571,379,0,9 14 15 16,1,15,,4572,379,0,9 14 15 16,1,15,,4573,379,0,9 14 15 16,1,55,,4574,379,0,9 14 15 16,1,15,,4575,379,0,9 14 15 16,1,15,,4576,379,0,9 14 15 16,1,15,,4577,379,0,9 14 15 16,1,54,,4578,359,0,9 14 15 16,1,15,,4579,359,0,9 14 15 16,1,15,,4580,359,0,9 14 15 16,1,15,,4581,359,0,9 14 15 16,1,55,,4582,359,0,9 14 15 16,1,15,,4583,359,0,9 14 15 16,1,15,,4584,359,0,9 14 15 16,1,15,,4585,359,0,9 14 15 16,1,55,,4586,359,0,9 14 15 16,1,16,,4587,379,0,9 14 15 16,1,15,,4588,379,0,9 14 15 16,1,15,,4589,379,0,9 14 15 16,1,55,,4590,379,0,9 14 15 16,1,15,,4591,379,0,9 14 15 16,1,15,,4592,379,0,9 14 15 16,1,15,,4593,379,0,9 14 15 16,1,55,,4594,379,0,9 14 15 16,1,15,,4595,379,0,9 14 15 16,1,15,,4596,399,0,9 14 15 16,1,15,,353,399,0,9 14 15 16,1,55,,4597,399,0,9 14 15 16,1,16,,4598,399,0,9 14 15 16,1,16,,4599,399,0,9 14 15 16,1,15,,4600,399,0,9 14 15 16,1,56,,4601,399,0,9 14 15 16,1,16,,4602,399,0,9 14 15 16,1,15,,4603,399,0,9 14 15 16,1,15,,4604,399,0,9 14 15 16,1,55,,4605,399,0,9 14 15 16,1,15,,4606,399,0,9 14 15 16,1,16,,4607,399,0,9 14 15 16,1,15,,4608,399,0,9 14 15 16,1,55,,4609,379,0,9 14 15 16,1,16,,4610,379,0,9 14 15 16,1,15,,4611,379,0,9 14 15 16,1,15,,4612,379,0,9 14 15 16,1,55,,4613,379,0,9 14 15 16,1,30,,4614,379,0,9 14 15 16,1,68,,4615,299,0,9 14 15 16,1,30,,4616,299,0,9 14 15 16,1,70,,4617,299,0,9 14 15 16,1,30,,4618,299,0,9 14 15 16,1,70,,4619,279,0,9 14 15 16,1,100,,4620,279,0,9 14 15 16,1
1000,'3',803,,5747,299,0,9 14 15 16,1,30,,5748,299,0,9 14 15 16,1,70,,5749,299,0,9 14 15 16,1,30,,5750,299,0,9 14 15 16,1,70,,5751,299,0,9 14 15 16,1,30,,5752,299,0,9 14 15 16,1,70,,5753,299,0,9 14 15 16,1,32,,5754,379,0,9 14 15 16,1,70,,5755,379,0,9 14 15 16,1,30,,5756,379,0,9 14 15 16,1,70,,5757,379,0,9 14 15 16,1,30,,5758,379,0,9 14 15 16,1,70,,5759,379,0,9 14 15 16,1,30,,5760,379,0,9 14 15 16,1,70,,5761,379,0,9 14 15 16,1,30,,5762,379,0,9 14 15 16,1,70,,5763,379,0,9 14 15 16,1,30,,5764,379,0,9 14 15 16,1,70,,5765,379,0,9 14 15 16,1,30,,5766,379,0,9 14 15 16,1,70,,5767,379,0,9 14 15 16,1,30,,5768,379,0,9 14 15 16,1,100,,5769,379,0,9 14 15 16,1
1000,'4',803,,5770,299,0,9 14 15 16,1,30,,5771,299,0,9 14 15 16,1,70,,5772,299,0,9 14 15 16,1,30,,5773,299,0,9 14 15 16,1,70,,5774,299,0,9 14 15 16,1,30,,5775,299,0,9 14 15 16,1,70,,5776,299,0,9 14 15 16,1,32,,5777,379,0,9 14 15 16,1,70,,5778,379,0,9 14 15 16,1,30,,5779,379,0,9 14 15 16,1,70,,5780,379,0,9 14 15 16,1,30,,5781,379,0,9 14 15 16,1,70,,5782,379,0,9 14 15 16,1,30,,5783,379,0,9 14 15 16,1,70,,5784,379,0,9 14 15 16,1,30,,5785,379,0,9 14 15 16,1,70,,5786,379,0,9 14 15 16,1,30,,5787,379,0,9 14 15 16,1,70,,5788,379,0,9 14 15 16,1,30,,5789,379,0,9 14 15 16,1,70,,5790,379,0,9 14 15 16,1,30,,5791,379,0,9 14 15 16,1,100,,5792,379,0,9 14 15 16,1
4001,'2',605,,5379,304,0,9 5,1,30,,5380,304,0,9 5,1,70,,5381,304,0,9 5,1,30,,5382,304,0,9 5,1,70,,5383,304,0,9 5,1,30,,5384,304,0,9 5,1,70,,5385,304,0,9 5,1,30,,5386,304,0,9 5,1,70,,5387,304,0,9 5,1,30,,5388,304,0,9 5,1,70,,5389,304,0,9 5,1,30,,5390,304,0,9 5,1,70,,5391,304,0,9 5,1,31,,5392,364,0,9 5,1,70,,5393,364,0,9 5,1,30,,5394,364,0,9 5,1,70,,5395,364,0,9 5,1,30,,5396,385,0,9 5,1,70,,5397,385,0,9 5,1,30,,5398,385,0,9 5,1,70,,5399,385,0,9 5,1,30,,5400,385,0,9 5,1,70,,5401,385,0,9 5,1,30,,5402,385,0,9 5,1,70,,5403,385,0,9 5,1,29,,5404,304,0,9 5,1,485,,5405,304,0,9 5,1
4001,'3',731,,6277,304,0,9 5,1,100,,6278,304,0,9 5,1,100,,6279,304,0,9 5,1,100,,6280,304,0,9 5,1,101,,6281,385,0,9 5,1,100,,6282,385,0,9 5,1,100,,6283,385,0,9 5,1,100,,6284,385,0,9 5,1,99,,6285,344,0,9 5,1,100,,6286,344,0,9 5,1,100,,6287,344,0,9 5,1,100,,6288,344,0,9 5,1,100,,6289,344,0,9 5,1
4001,'4',731,,6290,304,0,9 5,1,100,,6291,304,0,9 5,1,100,,6292,304,0,9 5,1,100,,6293,304,0,9 5,1,101,,6294,385,0,9 5,1,100,,6295,385,0,9 5,1,100,,6296,385,0,9 5,1,100,,6297,385,0,9 5,1,99,,6298,344,0,9 5,1,100,,6299,344,0,9 5,1,100,,6300,344,0,9 5,1,100,,6301,344,0,9 5,1,100,,6302,344,0,9 5,1
6500,'2',620,,5607,304,,,1,30,,5608,304,,,1,70,,5609,304,,,1,30,,5610,325,,,1,70,,5611,325,,,1,30,,5612,325,,,1,70,,5613,325,,,1,30,,5614,325,,,1,70,,5615,304,,,1,30,,5616,304,,,1,70,,5617,304,,,1,30,,5618,304,,,1,71,,5619,304,,,1,30,,5620,304,,,1,71,,5621,304,,,1,29,,5622,304,,,1,71,,5623,304,,,1,29,,5624,385,,,1,70,,5625,385,,,1,30,,5626,385,,,1,70,,5627,385,,,1,30,,5628,385,,,1,70,,5629,385,,,1,30,,5630,385,,,1,69,,5631,304,,,1,30,,5632,304,,,1,70,,5633,304,,,1,30,,5634,304,,,1,70,,5635,304,,,1,30,,5636,304,,,1,70,,5637,304,,,1,30,,5638,304,,,1,70,,5639,304,,,1,30,,5640,304,,,1
6500,'3',803,,6421,304,,,1,100,,6422,304,,,1,100,,6423,304,,,1,100,,6424,304,,,1,100,,6425,325,,,1,100,,6426,325,,,1,100,,6427,325,,,1,100,,6428,325,,,1,100,,6429,325,,,1,100,,6430,325,,,1,100,,6431,325,,,1,100,,6432,325,,,1
6500,'4',803,,6433,304,,,1,100,,6434,304,,,1,100,,6435,304,,,1,100,,6436,304,,,1,100,,6437,325,,,1,100,,6438,325,,,1,100,,6439,325,,,1,100,,6440,325,,,1,100,,6441,325,,,1,100,,6442,325,,,1,100,,6443,325,,,1,100,,6444,325,,,1
8500,'2',551,,5697,281,0,9 21 22 23,1,100,,5698,281,0,9 21 22 23,1,100,,3196,281,0,9 21 22 23,1,100,,5699,281,0,9 21 22 23,1,100,,5700,281,0,9 21 22 23,1,100,,5701,281,0,9 21 22 23,1,100,,5702,281,0,9 21 22 23,1,100,,5703,281,0,9 21 22 23,1,100,,5704,281,0,9 21 22 23,1,102,,5705,387,0,9 21 22 23,1,102,,5706,387,0,9 21 22 23,1,100,,5707,327,0,9 21 22 23,1,101,,5708,327,0,9 21 22 23,1,100,,5709,281,0,9 21 22 23,1,101,,5710,281,0,9 21 22 23,1,101,,5711,281,0,9 21 22 23,1,101,,5712,281,0,9 21 22 23,1,141,,5713,281,0,9 21 22 23,1
8500,'3',812,,6469,281,0,9 21 22 23,1,100,,6470,281,0,9 21 22 23,1,100,,6471,281,0,9 21 22 23,1,100,,6472,281,0,9 21 22 23,1,100,,6473,281,0,9 21 22 23,1,100,,6474,281,0,9 21 22 23,1,100,,6475,281,0,9 21 22 23,1,101,,6476,304,0,9 21 22 23,1,100,,6477,304,0,9 21 22 23,1,100,,6478,304,0,9 21 22 23,1,100,,6479,304,0,9 21 22 23,1,100,,6480,304,0,9 21 22 23,1
8500,'4',812,,6481,281,0,9 21 22 23,1,100,,6482,281,0,9 21 22 23,1,100,,6483,281,0,9 21 22 23,1,100,,6484,281,0,9 21 22 23,1,100,,6485,281,0,9 21 22 23,1,100,,6486,281,0,9 21 22 23,1,100,,6487,281,0,9 21 22 23,1,101,,6488,304,0,9 21 22 23,1,100,,6489,304,0,9 21 22 23,1,100,,6490,304,0,9 21 22 23,1,100,,6491,304,0,9 21 22 23,1,100,,6492,304,0,9 21 22 23,1
