1000,'2',605,,4562,328,0,9 14 15 16,1,15,,4563,328,0,9 14 15 16,1,15,,4564,328,0,9 14 15 16,1,15,,4565,328,0,9 14 15 16,1,55,,4566,328,0,9 14 15 16,1,15,,4567,328,0,9 14 15 16,1,16,,4568,411,0,9 14 15 16,1,15,,4569,411,0,9 14 15 16,1,55,,4570,411,0,9 14 15 16,1,15,,4571,411,0,9 14 15 16,1,15,,4572,411,0,9 14 15 16,1,15,,4573,411,0,9 14 15 16,1,55,,4574,411,0,9 14 15 16,1,15,,4575,411,0,9 14 15 16,1,15,,4576,411,0,9 14 15 16,1,15,,4577,411,0,9 14 15 16,1,55,,4578,388,0,9 14 15 16,1,15,,4579,388,0,9 14 15 16,1,15,,4580,388,0,9 14 15 16,1,15,,4581,388,0,9 14 15 16,1,55,,4582,388,0,9 14 15 16,1,15,,4583,388,0,9 14 15 16,1,15,,4584,388,0,9 14 15 16,1,15,,4585,388,0,9 14 15 16,1,55,,4586,388,0,9 14 15 16,1,15,,4587,411,0,9 14 15 16,1,15,,4588,411,0,9 14 15 16,1,15,,4589,411,0,9 14 15 16,1,55,,4590,411,0,9 14 15 16,1,15,,4591,411,0,9 14 15 16,1,15,,4592,411,0,9 14 15 16,1,15,,4593,411,0,9 14 15 16,1,55,,4594,411,0,9 14 15 16,1,15,,4595,411,0,9 14 15 16,1,16,,4596,435,0,9 14 15 16,1,15,,353,435,0,9 14 15 16,1,55,,4597,435,0,9 14 15 16,1,16,,4598,435,0,9 14 15 16,1,16,,4599,435,0,9 14 15 16,1,15,,4600,435,0,9 14 15 16,1,56,,4601,435,0,9 14 15 16,1,16,,4602,435,0,9 14 15 16,1,15,,4603,435,0,9 14 15 16,1,15,,4604,435,0,9 14 15 16,1,55,,4605,435,0,9 14 15 16,1,15,,4606,435,0,9 14 15 16,1,16,,4607,435,0,9 14 15 16,1,15,,4608,435,0,9 14 15 16,1,54,,4609,411,0,9 14 15 16,1,16,,4610,411,0,9 14 15 16,1,15,,4611,411,0,9 14 15 16,1,15,,4612,411,0,9 14 15 16,1,55,,4613,411,0,9 14 15 16,1,30,,4614,411,0,9 14 15 16,1,69,,4615,328,0,9 14 15 16,1,30,,4616,328,0,9 14 15 16,1,70,,4617,328,0,9 14 15 16,1,30,,4618,328,0,9 14 15 16,1,70,,4619,305,0,9 14 15 16,1,100,,4620,305,0,9 14 15 16,1
1000,'3',804,,5747,328,0,9 14 15 16,1,30,,5748,328,0,9 14 15 16,1,70,,5749,328,0,9 14 15 16,1,30,,5750,328,0,9 14 15 16,1,70,,5751,328,0,9 14 15 16,1,30,,5752,328,0,9 14 15 16,1,70,,5753,328,0,9 14 15 16,1,31,,5754,411,0,9 14 15 16,1,70,,5755,411,0,9 14 15 16,1,30,,5756,411,0,9 14 15 16,1,70,,5757,411,0,9 14 15 16,1,30,,5758,411,0,9 14 15 16,1,70,,5759,411,0,9 14 15 16,1,30,,5760,411,0,9 14 15 16,1,70,,5761,411,0,9 14 15 16,1,30,,5762,411,0,9 14 15 16,1,70,,5763,411,0,9 14 15 16,1,30,,5764,411,0,9 14 15 16,1,70,,5765,411,0,9 14 15 16,1,30,,5766,411,0,9 14 15 16,1,70,,5767,411,0,9 14 15 16,1,30,,5768,411,0,9 14 15 16,1,100,,5769,411,0,9 14 15 16,1
1000,'4',804,,5770,328,0,9 14 15 16,1,30,,5771,328,0,9 14 15 16,1,70,,5772,328,0,9 14 15 16,1,30,,5773,328,0,9 14 15 16,1,70,,5774,328,0,9 14 15 16,1,30,,5775,328,0,9 14 15 16,1,70,,5776,328,0,9 14 15 16,1,31,,5777,411,0,9 14 15 16,1,70,,5778,411,0,9 14 15 16,1,30,,5779,411,0,9 14 15 16,1,70,,5780,411,0,9 14 15 16,1,30,,5781,411,0,9 14 15 16,1,70,,5782,411,0,9 14 15 16,1,30,,5783,411,0,9 14 15 16,1,70,,5784,411,0,9 14 15 16,1,30,,5785,411,0,9 14 15 16,1,70,,5786,411,0,9 14 15 16,1,30,,5787,411,0,9 14 15 16,1,70,,5788,411,0,9 14 15 16,1,30,,5789,411,0,9 14 15 16,1,70,,5790,411,0,9 14 15 16,1,30,,5791,411,0,9 14 15 16,1,100,,5792,411,0,9 14 15 16,1
4001,'2',605,,5379,334,0,9 5,1,30,,5380,334,0,9 5,1,70,,5381,334,0,9 5,1,30,,5382,334,0,9 5,1,70,,5383,334,0,9 5,1,30,,5384,334,0,9 5,1,70,,5385,334,0,9 5,1,30,,5386,334,0,9 5,1,70,,5387,334,0,9 5,1,30,,5388,334,0,9 5,1,70,,5389,334,0,9 5,1,30,,5390,334,0,9 5,1,70,,5391,334,0,9 5,1,31,,5392,394,0,9 5,1,70,,5393,394,0,9 5,1,30,,5394,394,0,9 5,1,70,,5395,394,0,9 5,1,30,,5396,418,0,9 5,1,70,,5397,418,0,9 5,1,30,,5398,418,0,9 5,1,70,,5399,418,0,9 5,1,30,,5400,418,0,9 5,1,70,,5401,418,0,9 5,1,30,,5402,418,0,9 5,1,70,,5403,418,0,9 5,1,29,,5404,334,0,9 5,1,485,,5405,334,0,9 5,1
4001,'3',731,,6277,334,0,9 5,1,100,,6278,334,0,9 5,1,100,,6279,334,0,9 5,1,100,,6280,334,0,9 5,1,101,,6281,418,0,9 5,1,100,,6282,418,0,9 5,1,100,,6283,418,0,9 5,1,100,,6284,418,0,9 5,1,100,,6285,371,0,9 5,1,100,,6286,371,0,9 5,1,100,,6287,371,0,9 5,1,100,,6288,371,0,9 5,1,100,,6289,371,0,9 5,1
4001,'4',731,,6290,334,0,9 5,1,100,,6291,334,0,9 5,1,100,,6292,334,0,9 5,1,100,,6293,334,0,9 5,1,101,,6294,418,0,9 5,1,100,,6295,418,0,9 5,1,100,,6296,418,0,9 5,1,100,,6297,418,0,9 5,1,100,,6298,371,0,9 5,1,100,,6299,371,0,9 5,1,100,,6300,371,0,9 5,1,100,,6301,371,0,9 5,1,100,,6302,371,0,9 5,1
6500,'2',620,,5607,334,,,1,30,,5608,334,,,1,70,,5609,334,,,1,30,,5610,358,,,1,70,,5611,358,,,1,30,,5612,358,,,1,70,,5613,358,,,1,30,,5614,358,,,1,70,,5615,334,,,1,30,,5616,334,,,1,70,,5617,334,,,1,30,,5618,334,,,1,71,,5619,334,,,1,30,,5620,334,,,1,71,,5621,334,,,1,29,,5622,334,,,1,71,,5623,334,,,1,29,,5624,418,,,1,70,,5625,418,,,1,30,,5626,418,,,1,70,,5627,418,,,1,30,,5628,418,,,1,70,,5629,418,,,1,30,,5630,418,,,1,69,,5631,334,,,1,30,,5632,334,,,1,70,,5633,334,,,1,30,,5634,334,,,1,70,,5635,334,,,1,30,,5636,334,,,1,70,,5637,334,,,1,30,,5638,334,,,1,70,,5639,334,,,1,30,,5640,334,,,1
6500,'3',803,,6421,334,,,1,100,,6422,334,,,1,100,,6423,334,,,1,100,,6424,334,,,1,100,,6425,358,,,1,100,,6426,358,,,1,100,,6427,358,,,1,100,,6428,358,,,1,100,,6429,358,,,1,100,,6430,358,,,1,100,,6431,358,,,1,100,,6432,358,,,1
6500,'4',803,,6433,334,,,1,100,,6434,334,,,1,100,,6435,334,,,1,100,,6436,334,,,1,100,,6437,358,,,1,100,,6438,358,,,1,100,,6439,358,,,1,100,,6440,358,,,1,100,,6441,358,,,1,100,,6442,358,,,1,100,,6443,358,,,1,100,,6444,358,,,1
8500,'2',552,,5697,307,0,9 21 22 23,1,100,,5698,307,0,9 21 22 23,1,100,,3196,307,0,9 21 22 23,1,100,,5699,307,0,9 21 22 23,1,100,,5700,307,0,9 21 22 23,1,100,,5701,307,0,9 21 22 23,1,100,,5702,307,0,9 21 22 23,1,100,,5703,307,0,9 21 22 23,1,100,,5704,307,0,9 21 22 23,1,102,,5705,421,0,9 21 22 23,1,102,,5706,421,0,9 21 22 23,1,100,,5707,361,0,9 21 22 23,1,101,,5708,361,0,9 21 22 23,1,100,,5709,307,0,9 21 22 23,1,101,,5710,307,0,9 21 22 23,1,101,,5711,307,0,9 21 22 23,1,141,,5712,307,0,9 21 22 23,1,101,,5713,307,0,9 21 22 23,1
8500,'3',813,,6469,307,0,9 21 22 23,1,100,,6470,307,0,9 21 22 23,1,100,,6471,307,0,9 21 22 23,1,100,,6472,307,0,9 21 22 23,1,100,,6473,307,0,9 21 22 23,1,100,,6474,307,0,9 21 22 23,1,100,,6475,307,0,9 21 22 23,1,100,,6476,334,0,9 21 22 23,1,100,,6477,334,0,9 21 22 23,1,100,,6478,334,0,9 21 22 23,1,100,,6479,334,0,9 21 22 23,1,100,,6480,334,0,9 21 22 23,1
8500,'4',813,,6481,307,0,9 21 22 23,1,100,,6482,307,0,9 21 22 23,1,100,,6483,307,0,9 21 22 23,1,100,,6484,307,0,9 21 22 23,1,100,,6485,307,0,9 21 22 23,1,100,,6486,307,0,9 21 22 23,1,100,,6487,307,0,9 21 22 23,1,100,,6488,334,0,9 21 22 23,1,100,,6489,334,0,9 21 22 23,1,100,,6490,334,0,9 21 22 23,1,100,,6491,334,0,9 21 22 23,1,100,,6492,334,0,9 21 22 23,1
