1000,'2',602,,4562,152,,,1,15,,4563,152,,,1,15,,4564,152,,,1,15,,4565,152,,,1,55,,4566,152,,,1,15,,4567,152,,,1,16,,4568,216,,,1,15,,4569,216,,,1,55,,4570,216,,,1,15,,4571,216,,,1,15,,4572,216,,,1,15,,4573,216,,,1,55,,4574,216,,,1,15,,4575,216,,,1,15,,4576,216,,,1,15,,4577,216,,,1,55,,4578,212,,,1,15,,4579,212,,,1,15,,4580,212,,,1,15,,4581,212,,,1,55,,4582,212,,,1,15,,4583,212,,,1,15,,4584,212,,,1,15,,4585,212,,,1,55,,4586,212,,,1,15,,4587,216,,,1,15,,4588,216,,,1,15,,4589,216,,,1,55,,4590,216,,,1,15,,4591,216,,,1,15,,4592,216,,,1,15,,4593,216,,,1,55,,4594,216,,,1,15,,4595,216,,,1,15,,4596,219,,,1,15,,353,219,,,1,55,,4597,219,,,1,16,,4598,219,,,1,16,,4599,219,,,1,15,,4600,219,,,1,56,,4601,219,,,1,16,,4602,219,,,1,15,,4603,219,,,1,15,,4604,219,,,1,55,,4605,219,,,1,15,,4606,219,,,1,16,,4607,219,,,1,15,,4608,219,,,1,55,,4609,216,,,1,16,,4610,216,,,1,15,,4611,216,,,1,15,,4612,216,,,1,55,,4613,216,,,1,30,,4614,216,,,1,69,,4615,152,,,1,30,,4616,152,,,1,70,,4617,152,,,1,30,,4618,152,,,1,70,,4619,148,,,1,100,,4620,148,,,1
1000,'3',801,,5747,152,,,1,30,,5748,152,,,1,70,,5749,152,,,1,30,,5750,152,,,1,70,,5751,152,,,1,30,,5752,152,,,1,70,,5753,152,,,1,31,,5754,216,,,1,70,,5755,216,,,1,30,,5756,216,,,1,70,,5757,216,,,1,30,,5758,216,,,1,70,,5759,216,,,1,30,,5760,216,,,1,70,,5761,216,,,1,30,,5762,216,,,1,70,,5763,216,,,1,30,,5764,216,,,1,70,,5765,216,,,1,30,,5766,216,,,1,70,,5767,216,,,1,30,,5768,216,,,1,100,,5769,216,,,1
1000,'4',801,,5770,152,,,1,30,,5771,152,,,1,70,,5772,152,,,1,30,,5773,152,,,1,70,,5774,152,,,1,30,,5775,152,,,1,70,,5776,152,,,1,31,,5777,216,,,1,70,,5778,216,,,1,30,,5779,216,,,1,70,,5780,216,,,1,30,,5781,216,,,1,70,,5782,216,,,1,30,,5783,216,,,1,70,,5784,216,,,1,30,,5785,216,,,1,70,,5786,216,,,1,30,,5787,216,,,1,70,,5788,216,,,1,30,,5789,216,,,1,70,,5790,216,,,1,30,,5791,216,,,1,100,,5792,216,,,1
1101,'2',727,,4743,1387,,,1,102,,4744,1545,,,1,100,,4745,1545,,,1,99,,4746,1496,,,1,100,,4747,1496,,,1,100,,4748,1496,,,1,100,,4749,1496,,,1,100,,4750,1496,,,1,100,,4751,1496,,,1,100,,4752,1496,,,1,100,,4753,1496,,,1,100,,4754,1447,,,1,100,,4755,1447,,,1,99,,4756,1398,,,1,100,,4757,1398,,,1,98,,4758,1289,,,1
1101,'3',901,,5863,1229,,,1,100,,5864,1229,,,1,100,,5865,1229,,,1,103,,5866,1398,,,1,100,,5867,1398,,,1,100,,5868,1398,,,1,100,,5869,1398,,,1,98,,5870,1289,,,1,100,,5871,1289,,,1,100,,5872,1289,,,1,100,,5873,1289,,,1,100,,5874,1289,,,1
1101,'4',901,,5875,1229,,,1,100,,5876,1229,,,1,100,,5877,1229,,,1,103,,5878,1398,,,1,100,,5879,1398,,,1,100,,5880,1398,,,1,100,,5881,1398,,,1,98,,5882,1289,,,1,100,,5883,1289,,,1,100,,5884,1289,,,1,100,,5885,1289,,,1,100,,5886,1289,,,1
2001,'2',628,,4864,1672,,,1,15,,4865,1672,,,1,15,,4866,1672,,,1,55,,4867,1672,,,1,15,,4868,1672,,,1,15,,4869,1672,,,1,16,,4870,1685,,,1,55,,4871,1685,,,1,15,,4872,1685,,,1,15,,4873,1685,,,1,15,,4874,1685,,,1,55,,4875,1685,,,1,15,,4876,1685,,,1,15,,4877,1685,,,1,15,,4878,1685,,,1,55,,4879,1685,,,1,15,,4880,1732,,,1,15,,4881,1732,,,1,15,,4882,1732,,,1,55,,4883,1732,,,1,15,,4884,1732,,,1,15,,4885,1732,,,1,15,,4886,1732,,,1,55,,4887,1732,,,1,18,,4888,1865,,,1,15,,4889,1865,,,1,55,,4890,1865,,,1,15,,4891,1865,,,1,15,,4892,1865,,,1,15,,4893,1865,,,1,55,,4894,1865,,,1,15,,4895,1865,,,1,15,,4896,1865,,,1,15,,4897,1865,,,1,57,,4898,1985,,,1,15,,4899,1985,,,1,15,,4900,1985,,,1,15,,4901,1985,,,1,56,,4902,1985,,,1,16,,4903,1985,,,1,15,,4904,1985,,,1,15,,4905,1985,,,1,56,,4906,1985,,,1,16,,4907,1985,,,1,15,,4908,1985,,,1,15,,4909,1985,,,1,56,,4910,1985,,,1,16,,4911,1985,,,1,9,,4912,1625,,,1,15,,4913,1625,,,1,55,,4914,1625,,,1,30,,4915,1625,,,1,70,,4916,1625,,,1,29,,4917,1565,,,1,70,,4918,1565,,,1,30,,4919,1565,,,1,70,,4920,1565,,,1,29,,4921,1518,,,1,100,,4922,1518,,,1
2001,'3',835,,5933,1732,,,1,70,,5934,1732,,,1,30,,5935,1732,,,1,70,,5936,1732,,,1,30,,5937,1732,,,1,70,,5938,1732,,,1,31,,5939,1745,,,1,70,,5940,1745,,,1,30,,5941,1745,,,1,70,,5942,1745,,,1,30,,5943,1745,,,1,70,,5944,1745,,,1,30,,5945,1745,,,1,70,,5946,1745,,,1,30,,5947,1745,,,1,70,,5948,1745,,,1,30,,5949,1745,,,1,70,,5950,1745,,,1,30,,5951,1745,,,1,70,,5952,1745,,,1,30,,5953,1745,,,1,70,,5954,1745,,,1,30,,5955,1745,,,1
2001,'4',835,,5956,1732,,,1,70,,5957,1732,,,1,30,,5958,1732,,,1,70,,5959,1732,,,1,30,,5960,1732,,,1,70,,5961,1732,,,1,31,,5962,1745,,,1,70,,5963,1745,,,1,30,,5964,1745,,,1,70,,5965,1745,,,1,30,,5966,1745,,,1,70,,5967,1745,,,1,30,,5968,1745,,,1,70,,5969,1745,,,1,30,,5970,1745,,,1,70,,5971,1745,,,1,30,,5972,1745,,,1,70,,5973,1745,,,1,30,,5974,1745,,,1,70,,5975,1745,,,1,30,,5976,1745,,,1,70,,5977,1745,,,1,30,,5978,1745,,,1
3001,'2',617,,5151,1171,,,1,15,,5152,1171,,,1,15,,5153,1171,,,1,55,,5154,1171,,,1,15,,5155,1171,,,1,15,,5156,1171,,,1,15,,5157,1171,,,1,58,,5158,1339,,,1,15,,5159,1339,,,1,15,,5160,1339,,,1,15,,5161,1339,,,1,55,,5162,1339,,,1,15,,5163,1339,,,1,15,,5164,1339,,,1,15,,5165,1339,,,1,55,,5166,1339,,,1,16,,5167,1399,,,1,15,,5168,1399,,,1,15,,5169,1399,,,1,55,,5170,1399,,,1,15,,5171,1399,,,1,15,,5172,1399,,,1,15,,5173,1399,,,1,55,,5174,1399,,,1,15,,5175,1399,,,1,15,,5176,1399,,,1,15,,5177,1399,,,1,55,,5178,1399,,,1,15,,5179,1399,,,1,15,,5180,1399,,,1,15,,5181,1399,,,1,55,,5182,1399,,,1,15,,5183,1399,,,1,15,,5184,1399,,,1,17,,5185,1446,,,1,56,,5186,1446,,,1,16,,5187,1446,,,1,15,,5188,1446,,,1,16,,5189,1446,,,1,56,,5190,1446,,,1,15,,5191,1446,,,1,15,,5192,1446,,,1,14,,5193,1411,,,1,56,,5194,1411,,,1,16,,5195,1411,,,1,15,,5196,1411,,,1,15,,5197,1411,,,1,56,,5198,1411,,,1,14,,5199,1291,,,1,15,,5200,1291,,,1,12,,3065,1291,,,1,70,,5201,1291,,,1,30,,5202,1291,,,1,69,,5203,1231,,,1,30,,5204,1231,,,1,70,,5205,1231,,,1,30,,5206,1231,,,1,69,,5207,1183,,,1,100,,5208,1183,,,1
3001,'3',849,,6115,1279,,,1,70,,6116,1279,,,1,30,,6117,1279,,,1,70,,6118,1279,,,1,30,,6119,1279,,,1,70,,6120,1279,,,1,31,,6121,1339,,,1,70,,6122,1339,,,1,30,,6123,1339,,,1,70,,6124,1339,,,1,30,,6125,1339,,,1,70,,6126,1339,,,1,30,,6127,1339,,,1,70,,6128,1339,,,1,30,,6129,1339,,,1,70,,6130,1339,,,1,30,,6131,1339,,,1,70,,6132,1339,,,1,30,,6133,1339,,,1,70,,6134,1339,,,1,30,,6135,1339,,,1,70,,6136,1339,,,1,30,,6137,1339,,,1
3001,'4',849,,6138,1279,,,1,70,,6139,1279,,,1,30,,6140,1279,,,1,70,,6141,1279,,,1,30,,6142,1279,,,1,70,,6143,1279,,,1,31,,6144,1339,,,1,70,,6145,1339,,,1,30,,6146,1339,,,1,70,,6147,1339,,,1,30,,6148,1339,,,1,70,,6149,1339,,,1,30,,6150,1339,,,1,70,,6151,1339,,,1,30,,6152,1339,,,1,70,,6153,1339,,,1,30,,6154,1339,,,1,70,,6155,1339,,,1,30,,6156,1339,,,1,70,,6157,1339,,,1,30,,6158,1339,,,1,70,,6159,1339,,,1,30,,6160,1339,,,1
3500,'2',614,,5274,160,,,1,30,,5275,160,,,1,70,,5276,160,,,1,30,,5277,160,,,1,70,,5278,160,,,1,30,,5279,160,,,1,70,,5280,160,,,1,30,,5281,160,,,1,70,,5282,160,,,1,30,,5283,160,,,1,70,,5284,160,,,1,30,,5285,160,,,1,70,,5286,160,,,1,30,,5287,160,,,1,70,,5288,160,,,1,30,,5289,160,,,1,70,,5290,160,,,1,31,,5291,220,,,1,70,,5292,220,,,1,30,,5293,220,,,1,70,,5294,220,,,1,30,,5295,220,,,1,70,,5296,220,,,1,30,,5297,220,,,1,69,,5298,155,,,1,30,,5299,155,,,1,70,,5300,155,,,1,30,,5301,155,,,1,70,,5302,155,,,1,30,,5303,155,,,1,70,,5304,155,,,1,30,,5305,155,,,1,70,,5306,155,,,1,30,,5307,155,,,1,70,,5308,155,,,1
3500,'3',806,,6185,215,,,1,30,,6186,215,,,1,70,,6187,215,,,1,30,,6188,215,,,1,70,,6189,215,,,1,30,,6190,215,,,1,70,,6191,220,,,1,30,,6192,220,,,1,70,,6193,220,,,1,30,,6194,220,,,1,70,,6195,220,,,1,30,,6196,220,,,1,70,,6197,220,,,1,30,,6198,220,,,1,70,,6199,220,,,1,30,,6200,220,,,1,70,,6201,220,,,1,30,,6202,220,,,1,70,,6203,220,,,1,30,,6204,220,,,1,70,,6205,220,,,1,30,,6206,220,,,1,70,,6207,220,,,1
3500,'4',806,,6208,215,,,1,30,,6209,215,,,1,70,,6210,215,,,1,30,,6211,215,,,1,70,,6212,215,,,1,30,,6213,215,,,1,70,,6214,220,,,1,30,,6215,220,,,1,70,,6216,220,,,1,30,,6217,220,,,1,70,,6218,220,,,1,30,,6219,220,,,1,70,,6220,220,,,1,30,,6221,220,,,1,70,,6222,220,,,1,30,,6223,220,,,1,70,,6224,220,,,1,30,,6225,220,,,1,70,,6226,220,,,1,30,,6227,220,,,1,70,,6228,220,,,1,30,,6229,220,,,1,70,,6230,220,,,1
4001,'2',602,,5379,153,,,1,30,,5380,153,,,1,70,,5381,153,,,1,30,,5382,153,,,1,70,,5383,153,,,1,30,,5384,153,,,1,70,,5385,153,,,1,30,,5386,153,,,1,70,,5387,153,,,1,30,,5388,153,,,1,70,,5389,153,,,1,30,,5390,153,,,1,70,,5391,153,,,1,31,,5392,213,,,1,70,,5393,213,,,1,30,,5394,213,,,1,70,,5395,213,,,1,30,,5396,217,,,1,70,,5397,217,,,1,30,,5398,217,,,1,70,,5399,217,,,1,30,,5400,217,,,1,70,,5401,217,,,1,30,,5402,217,,,1,70,,5403,217,,,1,29,,5404,153,,,1,485,,5405,153,,,1
4001,'3',728,,6277,153,,,1,100,,6278,153,,,1,100,,6279,153,,,1,100,,6280,153,,,1,101,,6281,217,,,1,100,,6282,217,,,1,100,,6283,217,,,1,100,,6284,217,,,1,100,,6285,209,,,1,100,,6286,209,,,1,100,,6287,209,,,1,100,,6288,209,,,1,100,,6289,209,,,1
4001,'4',728,,6290,153,,,1,100,,6291,153,,,1,100,,6292,153,,,1,100,,6293,153,,,1,101,,6294,217,,,1,100,,6295,217,,,1,100,,6296,217,,,1,100,,6297,217,,,1,100,,6298,209,,,1,100,,6299,209,,,1,100,,6300,209,,,1,100,,6301,209,,,1,100,,6302,209,,,1
6500,'2',617,,5607,153,,,1,30,,5608,153,,,1,70,,5609,153,,,1,30,,5610,157,,,1,70,,5611,157,,,1,30,,5612,157,,,1,70,,5613,157,,,1,30,,5614,157,,,1,70,,5615,153,,,1,30,,5616,153,,,1,70,,5617,153,,,1,30,,5618,153,,,1,71,,5619,153,,,1,30,,5620,153,,,1,71,,5621,153,,,1,29,,5622,153,,,1,71,,5623,153,,,1,29,,5624,217,,,1,70,,5625,217,,,1,30,,5626,217,,,1,70,,5627,217,,,1,30,,5628,217,,,1,70,,5629,217,,,1,30,,5630,217,,,1,69,,5631,153,,,1,30,,5632,153,,,1,70,,5633,153,,,1,30,,5634,153,,,1,70,,5635,153,,,1,30,,5636,153,,,1,70,,5637,153,,,1,30,,5638,153,,,1,70,,5639,153,,,1,30,,5640,153,,,1
6500,'3',800,,6421,153,,,1,100,,6422,153,,,1,100,,6423,153,,,1,100,,6424,153,,,1,100,,6425,157,,,1,100,,6426,157,,,1,100,,6427,157,,,1,100,,6428,157,,,1,100,,6429,157,,,1,100,,6430,157,,,1,100,,6431,157,,,1,100,,6432,157,,,1
6500,'4',800,,6433,153,,,1,100,,6434,153,,,1,100,,6435,153,,,1,100,,6436,153,,,1,100,,6437,157,,,1,100,,6438,157,,,1,100,,6439,157,,,1,100,,6440,157,,,1,100,,6441,157,,,1,100,,6442,157,,,1,100,,6443,157,,,1,100,,6444,157,,,1
8500,'2',549,,5697,149,,,1,100,,5698,149,,,1,100,,3196,149,,,1,100,,5699,149,,,1,100,,5700,149,,,1,100,,5701,149,,,1,100,,5702,149,,,1,100,,5703,149,,,1,100,,5704,149,,,1,101,,5705,217,,,1,102,,5706,217,,,1,100,,5707,157,,,1,101,,5708,157,,,1,101,,5709,149,,,1,101,,5710,149,,,1,101,,5711,149,,,1,101,,5712,149,,,1,101,,5713,149,,,1
8500,'3',810,,6469,149,,,1,100,,6470,149,,,1,100,,6471,149,,,1,100,,6472,149,,,1,100,,6473,149,,,1,100,,6474,149,,,1,100,,6475,149,,,1,100,,6476,153,,,1,100,,6477,153,,,1,100,,6478,153,,,1,100,,6479,153,,,1,100,,6480,153,,,1
8500,'4',810,,6481,149,,,1,100,,6482,149,,,1,100,,6483,149,,,1,100,,6484,149,,,1,100,,6485,149,,,1,100,,6486,149,,,1,100,,6487,149,,,1,100,,6488,153,,,1,100,,6489,153,,,1,100,,6490,153,,,1,100,,6491,153,,,1,100,,6492,153,,,1
