1000,'2',604,,4562,269,,,1,15,,4563,269,,,1,15,,4564,269,,,1,15,,4565,269,,,1,55,,4566,269,,,1,15,,4567,269,,,1,16,,4568,345,,,1,15,,4569,345,,,1,55,,4570,345,,,1,15,,4571,345,,,1,15,,4572,345,,,1,15,,4573,345,,,1,55,,4574,345,,,1,15,,4575,345,,,1,15,,4576,345,,,1,15,,4577,345,,,1,55,,4578,329,,,1,15,,4579,329,,,1,15,,4580,329,,,1,15,,4581,329,,,1,55,,4582,329,,,1,15,,4583,329,,,1,15,,4584,329,,,1,15,,4585,329,,,1,55,,4586,329,,,1,15,,4587,345,,,1,15,,4588,345,,,1,15,,4589,345,,,1,55,,4590,345,,,1,15,,4591,345,,,1,15,,4592,345,,,1,15,,4593,345,,,1,55,,4594,345,,,1,15,,4595,345,,,1,16,,4596,362,,,1,15,,353,362,,,1,55,,4597,362,,,1,16,,4598,362,,,1,16,,4599,362,,,1,15,,4600,362,,,1,56,,4601,362,,,1,16,,4602,362,,,1,15,,4603,362,,,1,15,,4604,362,,,1,55,,4605,362,,,1,15,,4606,362,,,1,16,,4607,362,,,1,15,,4608,362,,,1,54,,4609,345,,,1,16,,4610,345,,,1,15,,4611,345,,,1,15,,4612,345,,,1,55,,4613,345,,,1,30,,4614,345,,,1,69,,4615,269,,,1,30,,4616,269,,,1,70,,4617,269,,,1,30,,4618,269,,,1,70,,4619,252,,,1,100,,4620,252,,,1
1000,'3',803,,5747,269,,,1,30,,5748,269,,,1,70,,5749,269,,,1,30,,5750,269,,,1,70,,5751,269,,,1,30,,5752,269,,,1,70,,5753,269,,,1,31,,5754,345,,,1,70,,5755,345,,,1,30,,5756,345,,,1,70,,5757,345,,,1,30,,5758,345,,,1,70,,5759,345,,,1,30,,5760,345,,,1,70,,5761,345,,,1,30,,5762,345,,,1,70,,5763,345,,,1,30,,5764,345,,,1,70,,5765,345,,,1,30,,5766,345,,,1,70,,5767,345,,,1,30,,5768,345,,,1,100,,5769,345,,,1
1000,'4',803,,5770,269,,,1,30,,5771,269,,,1,70,,5772,269,,,1,30,,5773,269,,,1,70,,5774,269,,,1,30,,5775,269,,,1,70,,5776,269,,,1,31,,5777,345,,,1,70,,5778,345,,,1,30,,5779,345,,,1,70,,5780,345,,,1,30,,5781,345,,,1,70,,5782,345,,,1,30,,5783,345,,,1,70,,5784,345,,,1,30,,5785,345,,,1,70,,5786,345,,,1,30,,5787,345,,,1,70,,5788,345,,,1,30,,5789,345,,,1,70,,5790,345,,,1,30,,5791,345,,,1,100,,5792,345,,,1
4001,'2',604,,5379,273,,,1,30,,5380,273,,,1,70,,5381,273,,,1,30,,5382,273,,,1,70,,5383,273,,,1,30,,5384,273,,,1,70,,5385,273,,,1,30,,5386,273,,,1,70,,5387,273,,,1,30,,5388,273,,,1,70,,5389,273,,,1,30,,5390,273,,,1,70,,5391,273,,,1,31,,5392,333,,,1,70,,5393,333,,,1,30,,5394,333,,,1,70,,5395,333,,,1,30,,5396,350,,,1,70,,5397,350,,,1,30,,5398,350,,,1,70,,5399,350,,,1,30,,5400,350,,,1,70,,5401,350,,,1,30,,5402,350,,,1,70,,5403,350,,,1,29,,5404,273,,,1,485,,5405,273,,,1
4001,'3',730,,6277,273,,,1,100,,6278,273,,,1,100,,6279,273,,,1,100,,6280,273,,,1,101,,6281,350,,,1,100,,6282,350,,,1,100,,6283,350,,,1,100,,6284,350,,,1,100,,6285,316,,,1,100,,6286,316,,,1,100,,6287,316,,,1,100,,6288,316,,,1,100,,6289,316,,,1
4001,'4',730,,6290,273,,,1,100,,6291,273,,,1,100,,6292,273,,,1,100,,6293,273,,,1,101,,6294,350,,,1,100,,6295,350,,,1,100,,6296,350,,,1,100,,6297,350,,,1,100,,6298,316,,,1,100,,6299,316,,,1,100,,6300,316,,,1,100,,6301,316,,,1,100,,6302,316,,,1
6500,'2',619,,5607,273,,,1,30,,5608,273,,,1,70,,5609,273,,,1,30,,5610,290,,,1,70,,5611,290,,,1,30,,5612,290,,,1,70,,5613,290,,,1,30,,5614,290,,,1,70,,5615,273,,,1,30,,5616,273,,,1,70,,5617,273,,,1,30,,5618,273,,,1,71,,5619,273,,,1,30,,5620,273,,,1,71,,5621,273,,,1,29,,5622,273,,,1,71,,5623,273,,,1,29,,5624,350,,,1,70,,5625,350,,,1,30,,5626,350,,,1,70,,5627,350,,,1,30,,5628,350,,,1,70,,5629,350,,,1,30,,5630,350,,,1,69,,5631,273,,,1,30,,5632,273,,,1,70,,5633,273,,,1,30,,5634,273,,,1,70,,5635,273,,,1,30,,5636,273,,,1,70,,5637,273,,,1,30,,5638,273,,,1,70,,5639,273,,,1,30,,5640,273,,,1
6500,'3',802,,6421,273,,,1,100,,6422,273,,,1,100,,6423,273,,,1,100,,6424,273,,,1,100,,6425,290,,,1,100,,6426,290,,,1,100,,6427,290,,,1,100,,6428,290,,,1,100,,6429,290,,,1,100,,6430,290,,,1,100,,6431,290,,,1,100,,6432,290,,,1
6500,'4',802,,6433,273,,,1,100,,6434,273,,,1,100,,6435,273,,,1,100,,6436,273,,,1,100,,6437,290,,,1,100,,6438,290,,,1,100,,6439,290,,,1,100,,6440,290,,,1,100,,6441,290,,,1,100,,6442,290,,,1,100,,6443,290,,,1,100,,6444,290,,,1
8500,'2',551,,5697,253,,,1,100,,5698,253,,,1,100,,3196,253,,,1,100,,5699,253,,,1,100,,5700,253,,,1,100,,5701,253,,,1,100,,5702,253,,,1,100,,5703,253,,,1,100,,5704,253,,,1,101,,5705,352,,,1,102,,5706,352,,,1,100,,5707,292,,,1,101,,5708,292,,,1,101,,5709,253,,,1,101,,5710,253,,,1,101,,5711,253,,,1,101,,5712,253,,,1,141,,5713,253,,,1
8500,'3',812,,6469,253,,,1,100,,6470,253,,,1,100,,6471,253,,,1,100,,6472,253,,,1,100,,6473,253,,,1,100,,6474,253,,,1,100,,6475,253,,,1,100,,6476,273,,,1,100,,6477,273,,,1,100,,6478,273,,,1,100,,6479,273,,,1,100,,6480,273,,,1
8500,'4',812,,6481,253,,,1,100,,6482,253,,,1,100,,6483,253,,,1,100,,6484,253,,,1,100,,6485,253,,,1,100,,6486,253,,,1,100,,6487,253,,,1,100,,6488,273,,,1,100,,6489,273,,,1,100,,6490,273,,,1,100,,6491,273,,,1,100,,6492,273,,,1
