1000,'2',623,,4562,1409,,,1,15,,4563,1409,,,1,15,,4564,1409,,,1,55,,4565,1409,,,1,15,,4566,1409,,,1,15,,4567,1409,,,1,18,,4568,1589,,,1,55,,4569,1589,,,1,15,,4570,1589,,,1,15,,4571,1589,,,1,15,,4572,1589,,,1,55,,4573,1589,,,1,15,,4574,1589,,,1,15,,4575,1589,,,1,15,,4576,1589,,,1,55,,4577,1589,,,1,15,,4578,1589,,,1,15,,4579,1589,,,1,15,,4580,1589,,,1,55,,4581,1589,,,1,15,,4582,1589,,,1,15,,4583,1589,,,1,15,,4584,1589,,,1,55,,4585,1589,,,1,15,,4586,1589,,,1,17,,4587,1709,,,1,15,,4588,1709,,,1,55,,4589,1709,,,1,15,,4590,1709,,,1,15,,4591,1709,,,1,15,,4592,1709,,,1,55,,4593,1709,,,1,15,,4594,1709,,,1,15,,4595,1709,,,1,57,,4596,1810,,,1,15,,353,1810,,,1,15,,4597,1810,,,1,16,,4598,1810,,,1,56,,4599,1810,,,1,15,,4600,1810,,,1,16,,4601,1810,,,1,16,,4602,1810,,,1,55,,4603,1829,,,1,15,,4604,1829,,,1,15,,4605,1829,,,1,15,,4606,1829,,,1,56,,4607,1829,,,1,15,,4608,1829,,,1,10,,4609,1548,,,1,16,,4610,1548,,,1,55,,4611,1548,,,1,15,,4612,1548,,,1,15,,4613,1548,,,1,70,,4614,1548,,,1,28,,4615,1428,,,1,30,,4616,1428,,,1,70,,4617,1428,,,1,30,,4618,1428,,,1,68,,4619,1266,,,1,100,,4620,1266,,,1
1000,'3',822,,5747,1428,,,1,30,,5748,1428,,,1,70,,5749,1428,,,1,30,,5750,1428,,,1,70,,5751,1428,,,1,30,,5752,1428,,,1,70,,5753,1428,,,1,35,,5754,1709,,,1,70,,5755,1709,,,1,30,,5756,1709,,,1,70,,5757,1709,,,1,30,,5758,1709,,,1,70,,5759,1709,,,1,30,,5760,1709,,,1,70,,5761,1709,,,1,30,,5762,1709,,,1,70,,5763,1709,,,1,30,,5764,1709,,,1,70,,5765,1709,,,1,30,,5766,1709,,,1,70,,5767,1709,,,1,30,,5768,1709,,,1,100,,5769,1709,,,1
1000,'4',822,,5770,1428,,,1,30,,5771,1428,,,1,70,,5772,1428,,,1,30,,5773,1428,,,1,70,,5774,1428,,,1,30,,5775,1428,,,1,70,,5776,1428,,,1,35,,5777,1709,,,1,70,,5778,1709,,,1,30,,5779,1709,,,1,70,,5780,1709,,,1,30,,5781,1709,,,1,70,,5782,1709,,,1,30,,5783,1709,,,1,70,,5784,1709,,,1,30,,5785,1709,,,1,70,,5786,1709,,,1,30,,5787,1709,,,1,70,,5788,1709,,,1,30,,5789,1709,,,1,70,,5790,1709,,,1,30,,5791,1709,,,1,100,,5792,1709,,,1
1001,'2',622,,4644,955,,,1,15,,4645,955,,,1,15,,4646,955,,,1,55,,4647,955,,,1,15,,4648,955,,,1,15,,4649,955,,,1,18,,4650,1099,,,1,55,,4651,1099,,,1,15,,4652,1099,,,1,15,,4653,1099,,,1,15,,4654,1099,,,1,55,,4655,1099,,,1,15,,4656,1099,,,1,15,,4657,1099,,,1,15,,4658,1099,,,1,55,,4659,1099,,,1,14,,4660,1057,,,1,15,,4661,1057,,,1,15,,4662,1057,,,1,55,,4663,1057,,,1,15,,4664,1057,,,1,15,,4665,1057,,,1,15,,4666,1057,,,1,55,,4667,1057,,,1,16,,4668,1117,,,1,15,,4669,1117,,,1,15,,4670,1117,,,1,55,,4671,1117,,,1,15,,4672,1117,,,1,15,,4673,1117,,,1,15,,4674,1117,,,1,55,,4675,1117,,,1,15,,4676,1117,,,1,15,,4677,1099,,,1,15,,4678,1099,,,1,55,,4679,1099,,,1,16,,4680,1099,,,1,16,,4681,1099,,,1,15,,4682,1099,,,1,55,,4683,1099,,,1,16,,4684,1099,,,1,16,,4685,1099,,,1,14,,4686,1057,,,1,56,,4687,1057,,,1,16,,4688,1057,,,1,15,,4689,1057,,,1,55,,4690,1057,,,1,15,,4691,1057,,,1,12,,4692,895,,,1,20,,4693,895,,,1,10,,4694,895,,,1,55,,4695,895,,,1,30,,4696,895,,,1,70,,4697,895,,,1,30,,4698,895,,,1,70,,4699,895,,,1,30,,4700,895,,,1,70,,4701,895,,,1,100,,4702,852,,,1
1001,'3',832,,5793,955,,,1,70,,5794,955,,,1,30,,5795,955,,,1,70,,5796,955,,,1,30,,5797,955,,,1,70,,5798,955,,,1,31,,5799,1015,,,1,70,,5800,1015,,,1,30,,5801,1015,,,1,70,,5802,1015,,,1,30,,5803,1015,,,1,70,,5804,1015,,,1,30,,5805,1015,,,1,70,,5806,1015,,,1,29,,5807,955,,,1,70,,5808,955,,,1,30,,5809,955,,,1,70,,5810,955,,,1,30,,5811,955,,,1,70,,5812,955,,,1,30,,5813,955,,,1,70,,5814,955,,,1,31,,5815,955,,,1
1001,'4',832,,5816,955,,,1,70,,5817,955,,,1,30,,5818,955,,,1,70,,5819,955,,,1,30,,5820,955,,,1,70,,5821,955,,,1,31,,5822,1015,,,1,70,,5823,1015,,,1,30,,5824,1015,,,1,70,,5825,1015,,,1,30,,5826,1015,,,1,70,,5827,1015,,,1,30,,5828,1015,,,1,70,,5829,1015,,,1,29,,5830,955,,,1,70,,5831,955,,,1,30,,5832,955,,,1,70,,5833,955,,,1,30,,5834,955,,,1,70,,5835,955,,,1,30,,5836,955,,,1,70,,5837,955,,,1,31,,5838,955,,,1
2000,'2',615,,4782,1374,,,1,15,,4783,1374,,,1,15,,4784,1374,,,1,55,,4785,1374,,,1,15,,4786,1374,,,1,15,,4787,1374,,,1,15,,4788,1374,,,1,57,,4789,1443,,,1,15,,4790,1443,,,1,15,,4791,1443,,,1,15,,4792,1443,,,1,55,,4793,1443,,,1,15,,4794,1443,,,1,15,,4795,1443,,,1,15,,4796,1443,,,1,55,,4797,1443,,,1,15,,4798,1443,,,1,15,,4799,1494,,,1,15,,4800,1494,,,1,55,,4801,1494,,,1,15,,4802,1494,,,1,15,,4803,1494,,,1,15,,4804,1494,,,1,55,,4805,1494,,,1,15,,4806,1494,,,1,16,,4807,1554,,,1,15,,4808,1554,,,1,55,,4809,1554,,,1,16,,4810,1554,,,1,15,,4811,1554,,,1,15,,4812,1554,,,1,55,,4813,1554,,,1,15,,4814,1554,,,1,15,,4815,1554,,,1,17,,4816,1674,,,1,55,,4817,1674,,,1,16,,4818,1674,,,1,16,,4819,1674,,,1,15,,4820,1674,,,1,55,,4821,1674,,,1,16,,4822,1674,,,1,16,,2215,1674,,,1,15,,4823,1674,,,1,55,,4824,1674,,,1,16,,4825,1674,,,1,16,,4826,1674,,,1,15,,4827,1674,,,1,55,,4828,1674,,,1,13,,4829,1443,,,1,15,,4830,1443,,,1,15,,4831,1443,,,1,55,,4832,1443,,,1,30,,4833,1443,,,1,70,,4834,1443,,,1,29,,4835,1425,,,1,70,,4836,1425,,,1,30,,4837,1425,,,1,70,,4838,1425,,,1,29,,4839,1374,,,1,97,,4840,1374,,,1
2000,'3',824,,5887,1374,,,1,30,,5888,1374,,,1,70,,5889,1374,,,1,30,,5890,1374,,,1,70,,5891,1374,,,1,30,,5892,1374,,,1,72,,5893,1494,,,1,30,,5894,1494,,,1,70,,5895,1494,,,1,30,,5896,1494,,,1,70,,5897,1494,,,1,30,,5898,1494,,,1,70,,5899,1494,,,1,30,,5900,1494,,,1,71,,5901,1554,,,1,30,,5902,1554,,,1,70,,5903,1554,,,1,30,,5904,1554,,,1,70,,5905,1554,,,1,30,,5906,1554,,,1,70,,5907,1554,,,1,30,,5908,1554,,,1,71,,5909,1554,,,1
2000,'4',824,,5910,1374,,,1,30,,5911,1374,,,1,70,,5912,1374,,,1,30,,5913,1374,,,1,70,,5914,1374,,,1,30,,5915,1374,,,1,72,,5916,1494,,,1,30,,5917,1494,,,1,70,,5918,1494,,,1,30,,5919,1494,,,1,70,,5920,1494,,,1,30,,5921,1494,,,1,70,,5922,1494,,,1,30,,5923,1494,,,1,71,,5924,1554,,,1,30,,5925,1554,,,1,70,,5926,1554,,,1,30,,5927,1554,,,1,70,,5928,1554,,,1,30,,5929,1554,,,1,70,,5930,1554,,,1,30,,5931,1554,,,1,71,,5932,1554,,,1
5500,'2',606,,5517,1143,,,1,30,,5518,1143,,,1,70,,5519,1143,,,1,30,,5520,1143,,,1,71,,5521,1254,,,1,30,,5522,1254,,,1,70,,5523,1254,,,1,30,,5524,1254,,,1,70,,5525,1254,,,1,30,,5526,1212,,,1,70,,5527,1212,,,1,30,,5528,1212,,,1,70,,5529,1212,,,1,32,,5530,1374,,,1,70,,5531,1374,,,1,30,,5532,1374,,,1,70,,5533,1374,,,1,30,,5534,1374,,,1,72,,5535,1443,,,1,30,,5536,1443,,,1,70,,5537,1443,,,1,30,,5538,1443,,,1,70,,5539,1494,,,1,30,,5540,1494,,,1,70,,5541,1494,,,1,26,,5542,1254,,,1,70,,5543,1254,,,1,30,,5544,1254,,,1,70,,5545,1254,,,1,27,,5546,1074,,,1,70,,5547,1074,,,1,30,,5548,1074,,,1,70,,5549,1074,,,1
5500,'3',810,,6373,1083,,,1,100,,6374,1083,,,1,100,,6375,1083,,,1,100,,6376,1083,,,1,101,,6377,1194,,,1,100,,6378,1194,,,1,100,,6379,1194,,,1,100,,6380,1194,,,1,103,,6381,1323,,,1,100,,6382,1323,,,1,100,,6383,1323,,,1,100,,6384,1323,,,1
5500,'4',810,,6385,1083,,,1,100,,6386,1083,,,1,100,,6387,1083,,,1,100,,6388,1083,,,1,101,,6389,1194,,,1,100,,6390,1194,,,1,100,,6391,1194,,,1,100,,6392,1194,,,1,103,,6393,1323,,,1,100,,6394,1323,,,1,100,,6395,1323,,,1,100,,6396,1323,,,1
