1100,'2',629,,4715,120,,,1,100,,4716,120,,,1,100,,4717,120,,,1,100,,4718,120,,,1,100,,4719,120,,,1,100,,4720,120,,,1,100,,4721,120,,,1,100,,4722,120,,,1,100,,4723,120,,,1,100,,4724,120,,,1,100,,4725,120,,,1,100,,4726,120,,,1,101,,4727,120,,,1,99,,4728,120,,,1,100,,4729,120,,,1,100,,4730,120,,,1
1100,'3',812,,5839,120,,,1,100,,5840,120,,,1,100,,5841,120,,,1,100,,5842,120,,,1,100,,5843,120,,,1,100,,5844,120,,,1,100,,5845,120,,,1,100,,5846,120,,,1,100,,5847,120,,,1,100,,5848,120,,,1,100,,5849,120,,,1,100,,5850,120,,,1
1100,'4',812,,5851,120,,,1,100,,5852,120,,,1,100,,5853,120,,,1,100,,5854,120,,,1,100,,5855,120,,,1,100,,5856,120,,,1,100,,5857,120,,,1,100,,5858,120,,,1,100,,5859,120,,,1,100,,5860,120,,,1,100,,5861,120,,,1,100,,5862,120,,,1
2000,'2',555,,4782,120,,,1,55,,4783,120,,,1,15,,4784,120,,,1,15,,4785,120,,,1,15,,4786,120,,,1,55,,4787,120,,,1,15,,4788,120,,,1,15,,4789,120,,,1,15,,4790,120,,,1,55,,4791,120,,,1,15,,4792,120,,,1,15,,4793,120,,,1,15,,4794,120,,,1,55,,4795,120,,,1,15,,4796,120,,,1,15,,4797,120,,,1,15,,4798,120,,,1,55,,4799,120,,,1,15,,4800,120,,,1,15,,4801,120,,,1,15,,4802,120,,,1,55,,4803,120,,,1,15,,4804,120,,,1,15,,4805,120,,,1,15,,4806,120,,,1,56,,4807,180,,,1,15,,4808,180,,,1,15,,4809,180,,,1,16,,4810,180,,,1,55,,4811,180,,,1,15,,4812,180,,,1,15,,4813,180,,,1,15,,4814,180,,,1,55,,4815,180,,,1,15,,4816,180,,,1,15,,4817,180,,,1,16,,4818,180,,,1,56,,4819,180,,,1,15,,4820,180,,,1,15,,4821,180,,,1,56,,4822,180,,,1,16,,2215,180,,,1,15,,4823,180,,,1,15,,4824,180,,,1,56,,4825,180,,,1,16,,4826,180,,,1,15,,4827,180,,,1,15,,4828,180,,,1,56,,4829,180,,,1,15,,4830,180,,,1,15,,4831,180,,,1,15,,4832,180,,,1,70,,4833,180,,,1,30,,4834,180,,,1,69,,4835,120,,,1,30,,4836,120,,,1,70,,4837,120,,,1,30,,4838,120,,,1,70,,4839,120,,,1,97,,4840,120,,,1
2000,'3',804,,5887,120,,,1,30,,5888,120,,,1,70,,5889,120,,,1,30,,5890,120,,,1,70,,5891,120,,,1,30,,5892,120,,,1,71,,5893,180,,,1,30,,5894,180,,,1,70,,5895,180,,,1,30,,5896,180,,,1,70,,5897,180,,,1,30,,5898,180,,,1,70,,5899,180,,,1,30,,5900,180,,,1,70,,5901,180,,,1,30,,5902,180,,,1,70,,5903,180,,,1,30,,5904,180,,,1,70,,5905,180,,,1,30,,5906,180,,,1,70,,5907,180,,,1,30,,5908,180,,,1,71,,5909,180,,,1
2000,'4',804,,5910,120,,,1,30,,5911,120,,,1,70,,5912,120,,,1,30,,5913,120,,,1,70,,5914,120,,,1,30,,5915,120,,,1,71,,5916,180,,,1,30,,5917,180,,,1,70,,5918,180,,,1,30,,5919,180,,,1,70,,5920,180,,,1,30,,5921,180,,,1,70,,5922,180,,,1,30,,5923,180,,,1,70,,5924,180,,,1,30,,5925,180,,,1,70,,5926,180,,,1,30,,5927,180,,,1,70,,5928,180,,,1,30,,5929,180,,,1,70,,5930,180,,,1,30,,5931,180,,,1,71,,5932,180,,,1
3000,'2',556,,5068,120,,,1,55,,5069,120,,,1,15,,5070,120,,,1,15,,5071,120,,,1,15,,5072,120,,,1,55,,5073,120,,,1,15,,5074,120,,,1,15,,5075,120,,,1,15,,5076,120,,,1,55,,5077,120,,,1,15,,5078,120,,,1,15,,5079,120,,,1,15,,5080,120,,,1,55,,5081,120,,,1,15,,5082,120,,,1,15,,5083,120,,,1,15,,5084,120,,,1,55,,5085,120,,,1,15,,5086,120,,,1,15,,5087,120,,,1,15,,5088,120,,,1,55,,5089,120,,,1,15,,5090,120,,,1,15,,5091,120,,,1,15,,5092,120,,,1,55,,5093,120,,,1,15,,5094,120,,,1,16,,5095,120,,,1,15,,5096,120,,,1,55,,5097,120,,,1,15,,5098,120,,,1,15,,5099,120,,,1,15,,5100,120,,,1,55,,5101,120,,,1,15,,5102,120,,,1,15,,5103,120,,,1,16,,5104,120,,,1,56,,5105,120,,,1,15,,5106,120,,,1,15,,5107,120,,,1,15,,5108,120,,,1,56,,5109,120,,,1,16,,5110,120,,,1,15,,5111,120,,,1,55,,5112,120,,,1,16,,5113,120,,,1,16,,5114,120,,,1,15,,5115,120,,,1,55,,5116,120,,,1,16,,5117,120,,,1,16,,5118,120,,,1,15,,5119,120,,,1,63,,5120,120,,,1,30,,5121,120,,,1,70,,5122,120,,,1,30,,5123,120,,,1,70,,5124,120,,,1,30,,5125,120,,,1,70,,5126,120,,,1,100,,5127,120,,,1
3000,'3',754,,6067,120,,,1,70,,6068,120,,,1,30,,6069,120,,,1,70,,6070,120,,,1,30,,6071,120,,,1,70,,6072,120,,,1,30,,6073,120,,,1,70,,6074,120,,,1,30,,6075,120,,,1,70,,6076,120,,,1,30,,6077,120,,,1,70,,6078,120,,,1,30,,6079,120,,,1,70,,6080,120,,,1,30,,6081,120,,,1,70,,6082,120,,,1,30,,6083,120,,,1,70,,6084,120,,,1,30,,6085,120,,,1,70,,6086,120,,,1,30,,6087,120,,,1,70,,6088,120,,,1,30,,6089,120,,,1,70,,6090,120,,,1
3000,'4',754,,6091,120,,,1,70,,6092,120,,,1,30,,6093,120,,,1,70,,6094,120,,,1,30,,6095,120,,,1,70,,6096,120,,,1,30,,6097,120,,,1,70,,6098,120,,,1,30,,6099,120,,,1,70,,6100,120,,,1,30,,6101,120,,,1,70,,6102,120,,,1,30,,6103,120,,,1,70,,6104,120,,,1,30,,6105,120,,,1,70,,6106,120,,,1,30,,6107,120,,,1,70,,6108,120,,,1,30,,6109,120,,,1,70,,6110,120,,,1,30,,6111,120,,,1,70,,6112,120,,,1,30,,6113,120,,,1,70,,6114,120,,,1
4101,'2',605,,1462,60,,,1,30,,5429,60,,,1,20,,5430,60,,,1,70,,5431,60,,,1,30,,5432,60,,,1,70,,5433,60,,,1,30,,5434,60,,,1,70,,5435,60,,,1,30,,5436,60,,,1,70,,5437,60,,,1,30,,5438,60,,,1,70,,5439,60,,,1,30,,5440,60,,,1,70,,5441,60,,,1,30,,5442,60,,,1,70,,5443,60,,,1,30,,5444,60,,,1,70,,5445,60,,,1,30,,5446,60,,,1,70,,5447,60,,,1,30,,5448,60,,,1,70,,5449,60,,,1,31,,5450,120,,,1,70,,5451,120,,,1,30,,5452,120,,,1,70,,5453,120,,,1,30,,5454,120,,,1,70,,5455,120,,,1,30,,5456,120,,,1,69,,5457,60,,,1,30,,5458,60,,,1,70,,5459,60,,,1,30,,5460,60,,,1,70,,5461,60,,,1
4101,'3',745,,6303,60,,,1,70,,6304,60,,,1,30,,6305,60,,,1,70,,6306,60,,,1,30,,6307,60,,,1,70,,6308,60,,,1,30,,6309,60,,,1,70,,6310,60,,,1,30,,6311,60,,,1,70,,6312,60,,,1,30,,6313,60,,,1,70,,6314,60,,,1,30,,6315,60,,,1,70,,6316,60,,,1,30,,6317,60,,,1,70,,6318,60,,,1,30,,6319,60,,,1,70,,6320,60,,,1,30,,6321,60,,,1,70,,6322,60,,,1,30,,6323,60,,,1,70,,6324,60,,,1,30,,6325,60,,,1
4101,'4',745,,6326,60,,,1,70,,6327,60,,,1,30,,6328,60,,,1,70,,6329,60,,,1,30,,6330,60,,,1,70,,6331,60,,,1,30,,6332,60,,,1,70,,6333,60,,,1,30,,6334,60,,,1,70,,6335,60,,,1,30,,6336,60,,,1,70,,6337,60,,,1,30,,6338,60,,,1,70,,6339,60,,,1,30,,6340,60,,,1,70,,6341,60,,,1,30,,6342,60,,,1,70,,6343,60,,,1,30,,6344,60,,,1,70,,6345,60,,,1,30,,6346,60,,,1,70,,6347,60,,,1,30,,6348,60,,,1
9200,'2',630,,4444,180,,,1,96,,4445,180,,,1,31,,4446,180,,,1,94,,4447,180,,,1,692,,4448,240,,,1,70,,5743,240,,,1,103,,4450,240,,,1,95,,5744,180,,,1,36,,4452,180,,,1
