1001,'2',641,,4644,2084,,,1,15,,4645,2084,,,1,55,,4646,2084,,,1,15,,4647,2084,,,1,15,,4648,2084,,,1,15,,4649,2084,,,1,60,,4650,2384,,,1,15,,4651,2384,,,1,15,,4652,2384,,,1,55,,4653,2384,,,1,15,,4654,2384,,,1,15,,4655,2384,,,1,15,,4656,2384,,,1,55,,4657,2384,,,1,15,,4658,2384,,,1,15,,4659,2384,,,1,15,,4660,2384,,,1,55,,4661,2384,,,1,15,,4662,2384,,,1,15,,4663,2384,,,1,15,,4664,2384,,,1,55,,4665,2384,,,1,15,,4666,2384,,,1,15,,4667,2384,,,1,16,,4668,2444,,,1,55,,4669,2444,,,1,15,,4670,2444,,,1,15,,4671,2444,,,1,15,,4672,2444,,,1,55,,4673,2444,,,1,15,,4674,2444,,,1,15,,4675,2444,,,1,15,,4676,2444,,,1,57,,4677,2545,,,1,15,,4678,2545,,,1,15,,4679,2545,,,1,16,,4680,2545,,,1,56,,4681,2545,,,1,15,,4682,2545,,,1,15,,4683,2545,,,1,16,,4684,2545,,,1,56,,4685,2545,,,1,14,,4686,2485,,,1,16,,4687,2485,,,1,16,,4688,2485,,,1,55,,4689,2485,,,1,15,,4690,2485,,,1,15,,4691,2485,,,1,7,,4692,2024,,,1,60,,4693,2024,,,1,10,,4694,2024,,,1,15,,4695,2024,,,1,70,,4696,2024,,,1,30,,4697,2024,,,1,71,,4698,2044,,,1,30,,4699,2044,,,1,70,,4700,2044,,,1,30,,4701,2044,,,1,97,,4702,1864,,,1
1001,'3',852,,5793,2125,,,1,70,,5794,2125,,,1,30,,5795,2125,,,1,70,,5796,2125,,,1,30,,5797,2125,,,1,70,,5798,2125,,,1,33,,5799,2324,,,1,70,,5800,2324,,,1,30,,5801,2324,,,1,70,,5802,2324,,,1,30,,5803,2324,,,1,70,,5804,2324,,,1,30,,5805,2324,,,1,70,,5806,2324,,,1,29,,5807,2264,,,1,70,,5808,2264,,,1,30,,5809,2264,,,1,70,,5810,2264,,,1,30,,5811,2264,,,1,70,,5812,2264,,,1,30,,5813,2264,,,1,70,,5814,2264,,,1,31,,5815,2264,,,1
1001,'4',852,,5816,2125,,,1,70,,5817,2125,,,1,30,,5818,2125,,,1,70,,5819,2125,,,1,30,,5820,2125,,,1,70,,5821,2125,,,1,33,,5822,2324,,,1,70,,5823,2324,,,1,30,,5824,2324,,,1,70,,5825,2324,,,1,30,,5826,2324,,,1,70,,5827,2324,,,1,30,,5828,2324,,,1,70,,5829,2324,,,1,29,,5830,2264,,,1,70,,5831,2264,,,1,30,,5832,2264,,,1,70,,5833,2264,,,1,30,,5834,2264,,,1,70,,5835,2264,,,1,30,,5836,2264,,,1,70,,5837,2264,,,1,31,,5838,2264,,,1
4001,'2',642,,5379,2560,,,1,70,,5380,2560,,,1,30,,5381,2560,,,1,72,,5382,2657,,,1,30,,5383,2657,,,1,70,,5384,2657,,,1,30,,5385,2657,,,1,70,,5386,2657,,,1,30,,5387,2657,,,1,70,,5388,2657,,,1,30,,5389,2657,,,1,70,,5390,2657,,,1,30,,5391,2657,,,1,71,,5392,2717,,,1,30,,5393,2717,,,1,70,,5394,2717,,,1,30,,5395,2717,,,1,73,,5396,2934,,,1,30,,5397,2934,,,1,70,,5398,2934,,,1,30,,5399,2934,,,1,70,,5400,2934,,,1,28,,5401,2777,,,1,70,,5402,2777,,,1,30,,5403,2777,,,1,67,,5404,2620,,,1,442,,5405,2417,,,1
4001,'3',808,,6277,2537,,,1,100,,6278,2537,,,1,100,,6279,2537,,,1,100,,6280,2537,,,1,105,,6281,2874,,,1,100,,6282,2874,,,1,100,,6283,2874,,,1,100,,6284,2874,,,1,94,,6285,2514,,,1,100,,6286,2514,,,1,100,,6287,2514,,,1,100,,6288,2514,,,1,100,,6289,2514,,,1
4001,'4',808,,6290,2537,,,1,100,,6291,2537,,,1,100,,6292,2537,,,1,100,,6293,2537,,,1,105,,6294,2874,,,1,100,,6295,2874,,,1,100,,6296,2874,,,1,100,,6297,2874,,,1,94,,6298,2514,,,1,100,,6299,2514,,,1,100,,6300,2514,,,1,100,,6301,2514,,,1,100,,6302,2514,,,1
6501,'2',657,,5653,2357,,,1,70,,5654,2357,,,1,30,,5655,2357,,,1,74,,5656,2597,,,1,70,,5657,2597,,,1,30,,5658,2597,,,1,70,,5659,2597,,,1,30,,5660,2597,,,1,70,,5661,2597,,,1,30,,5662,2597,,,1,70,,5663,2597,,,1,30,,5664,2597,,,1,71,,5665,2657,,,1,30,,5666,2657,,,1,70,,5667,2657,,,1,30,,5668,2657,,,1,70,,5669,2657,,,1,33,,5670,2837,,,1,70,,5671,2837,,,1,30,,5672,2837,,,1,70,,5673,2837,,,1,28,,5674,2717,,,1,70,,5675,2717,,,1,30,,5676,2717,,,1,67,,5677,2537,,,1,30,,5678,2537,,,1,70,,5679,2537,,,1,30,,5680,2537,,,1,29,,5681,2477,,,1,70,,5682,2477,,,1,30,,5683,2477,,,1,70,,3745,2477,,,1,28,,5684,2380,,,1
6501,'3',841,,6445,2440,,,1,100,,6446,2440,,,1,100,,6447,2440,,,1,104,,6448,2657,,,1,100,,6449,2657,,,1,100,,6450,2657,,,1,100,,6451,2657,,,1,101,,6452,2754,,,1,100,,6453,2754,,,1,100,,6454,2754,,,1,100,,6455,2754,,,1,100,,6456,2754,,,1
6501,'4',841,,6457,2440,,,1,100,,6458,2440,,,1,100,,6459,2440,,,1,104,,6460,2657,,,1,100,,6461,2657,,,1,100,,6462,2657,,,1,100,,6463,2657,,,1,101,,6464,2754,,,1,100,,6465,2754,,,1,100,,6466,2754,,,1,100,,6467,2754,,,1,100,,6468,2754,,,1
8501,'2',638,,5726,2521,,,1,100,,5727,2521,,,1,103,,5728,2720,,,1,100,,5729,2720,,,1,101,,5730,2780,,,1,100,,5731,2780,,,1,100,,5732,2780,,,1,103,,5733,2980,,,1,100,,5734,2980,,,1,105,,5735,3280,,,1,101,,5736,3280,,,1,104,,5737,3440,,,1,101,,5738,3440,,,1,93,,1685,2960,,,1,95,,5739,2620,,,1,101,,5740,2620,,,1,99,,5741,2500,,,1,101,,5742,2500,,,1
8501,'3',854,,6493,2740,,,1,100,,6494,2740,,,1,100,,6495,2740,,,1,104,,6496,2960,,,1,100,,6497,2960,,,1,100,,6498,2960,,,1,100,,6499,2960,,,1,99,,6500,2900,,,1,100,,6501,2900,,,1,100,,6502,2900,,,1,100,,6503,2900,,,1,100,,6504,2900,,,1
8501,'4',854,,6505,2740,,,1,100,,6506,2740,,,1,100,,6507,2740,,,1,104,,6508,2960,,,1,100,,6509,2960,,,1,100,,6510,2960,,,1,100,,6511,2960,,,1,99,,6512,2900,,,1,100,,6513,2900,,,1,100,,6514,2900,,,1,100,,6515,2900,,,1,100,,6516,2900,,,1
