1001,'2',642,,4644,2156,,,1,15,,4645,2156,,,1,55,,4646,2156,,,1,15,,4647,2156,,,1,15,,4648,2156,,,1,15,,4649,2156,,,1,60,,4650,2456,,,1,15,,4651,2456,,,1,15,,4652,2456,,,1,55,,4653,2456,,,1,15,,4654,2456,,,1,15,,4655,2456,,,1,15,,4656,2456,,,1,55,,4657,2456,,,1,15,,4658,2456,,,1,15,,4659,2456,,,1,15,,4660,2456,,,1,55,,4661,2456,,,1,15,,4662,2456,,,1,15,,4663,2456,,,1,15,,4664,2456,,,1,55,,4665,2456,,,1,15,,4666,2456,,,1,15,,4667,2456,,,1,16,,4668,2516,,,1,55,,4669,2516,,,1,15,,4670,2516,,,1,15,,4671,2516,,,1,15,,4672,2516,,,1,55,,4673,2516,,,1,15,,4674,2516,,,1,15,,4675,2516,,,1,15,,4676,2516,,,1,57,,4677,2626,,,1,15,,4678,2626,,,1,15,,4679,2626,,,1,16,,4680,2626,,,1,56,,4681,2626,,,1,15,,4682,2626,,,1,15,,4683,2626,,,1,16,,4684,2626,,,1,56,,4685,2626,,,1,14,,4686,2566,,,1,16,,4687,2566,,,1,16,,4688,2566,,,1,55,,4689,2566,,,1,15,,4690,2566,,,1,15,,4691,2566,,,1,7,,4692,2096,,,1,60,,4693,2096,,,1,10,,4694,2096,,,1,15,,4695,2096,,,1,70,,4696,2096,,,1,30,,4697,2096,,,1,71,,4698,2105,,,1,30,,4699,2105,,,1,70,,4700,2105,,,1,30,,4701,2105,,,1,97,,4702,1925,,,1
1001,'3',853,,5793,2206,,,1,70,,5794,2206,,,1,30,,5795,2206,,,1,70,,5796,2206,,,1,30,,5797,2206,,,1,70,,5798,2206,,,1,33,,5799,2396,,,1,70,,5800,2396,,,1,30,,5801,2396,,,1,70,,5802,2396,,,1,30,,5803,2396,,,1,70,,5804,2396,,,1,30,,5805,2396,,,1,70,,5806,2396,,,1,29,,5807,2336,,,1,70,,5808,2336,,,1,30,,5809,2336,,,1,70,,5810,2336,,,1,30,,5811,2336,,,1,70,,5812,2336,,,1,30,,5813,2336,,,1,70,,5814,2336,,,1,31,,5815,2336,,,1
1001,'4',853,,5816,2206,,,1,70,,5817,2206,,,1,30,,5818,2206,,,1,70,,5819,2206,,,1,30,,5820,2206,,,1,70,,5821,2206,,,1,33,,5822,2396,,,1,70,,5823,2396,,,1,30,,5824,2396,,,1,70,,5825,2396,,,1,30,,5826,2396,,,1,70,,5827,2396,,,1,30,,5828,2396,,,1,70,,5829,2396,,,1,29,,5830,2336,,,1,70,,5831,2336,,,1,30,,5832,2336,,,1,70,,5833,2336,,,1,30,,5834,2336,,,1,70,,5835,2336,,,1,30,,5836,2336,,,1,70,,5837,2336,,,1,31,,5838,2336,,,1
4001,'2',643,,5379,2634,,,1,70,,5380,2634,,,1,30,,5381,2634,,,1,72,,5382,2743,,,1,30,,5383,2743,,,1,70,,5384,2743,,,1,30,,5385,2743,,,1,70,,5386,2743,,,1,30,,5387,2743,,,1,70,,5388,2743,,,1,30,,5389,2743,,,1,70,,5390,2743,,,1,30,,5391,2743,,,1,71,,5392,2803,,,1,30,,5393,2803,,,1,70,,5394,2803,,,1,30,,5395,2803,,,1,74,,5396,3032,,,1,30,,5397,3032,,,1,70,,5398,3032,,,1,30,,5399,3032,,,1,70,,5400,3032,,,1,27,,5401,2863,,,1,70,,5402,2863,,,1,30,,5403,2863,,,1,67,,5404,2694,,,1,442,,5405,2503,,,1
4001,'3',809,,6277,2623,,,1,100,,6278,2623,,,1,100,,6279,2623,,,1,100,,6280,2623,,,1,106,,6281,2972,,,1,100,,6282,2972,,,1,100,,6283,2972,,,1,100,,6284,2972,,,1,94,,6285,2612,,,1,100,,6286,2612,,,1,100,,6287,2612,,,1,100,,6288,2612,,,1,100,,6289,2612,,,1
4001,'4',809,,6290,2623,,,1,100,,6291,2623,,,1,100,,6292,2623,,,1,100,,6293,2623,,,1,106,,6294,2972,,,1,100,,6295,2972,,,1,100,,6296,2972,,,1,100,,6297,2972,,,1,94,,6298,2612,,,1,100,,6299,2612,,,1,100,,6300,2612,,,1,100,,6301,2612,,,1,100,,6302,2612,,,1
6501,'2',658,,5653,2443,,,1,70,,5654,2443,,,1,30,,5655,2443,,,1,74,,5656,2683,,,1,70,,5657,2683,,,1,30,,5658,2683,,,1,70,,5659,2683,,,1,30,,5660,2683,,,1,70,,5661,2683,,,1,30,,5662,2683,,,1,70,,5663,2683,,,1,30,,5664,2683,,,1,71,,5665,2743,,,1,30,,5666,2743,,,1,70,,5667,2743,,,1,30,,5668,2743,,,1,70,,5669,2743,,,1,33,,5670,2923,,,1,70,,5671,2923,,,1,30,,5672,2923,,,1,70,,5673,2923,,,1,28,,5674,2803,,,1,70,,5675,2803,,,1,30,,5676,2803,,,1,67,,5677,2623,,,1,30,,5678,2623,,,1,70,,5679,2623,,,1,30,,5680,2623,,,1,69,,5681,2563,,,1,30,,5682,2563,,,1,70,,5683,2563,,,1,30,,3745,2563,,,1,28,,5684,2454,,,1
6501,'3',842,,6445,2514,,,1,100,,6446,2514,,,1,100,,6447,2514,,,1,104,,6448,2743,,,1,100,,6449,2743,,,1,100,,6450,2743,,,1,100,,6451,2743,,,1,102,,6452,2852,,,1,100,,6453,2852,,,1,100,,6454,2852,,,1,100,,6455,2852,,,1,100,,6456,2852,,,1
6501,'4',842,,6457,2514,,,1,100,,6458,2514,,,1,100,,6459,2514,,,1,104,,6460,2743,,,1,100,,6461,2743,,,1,100,,6462,2743,,,1,100,,6463,2743,,,1,102,,6464,2852,,,1,100,,6465,2852,,,1,100,,6466,2852,,,1,100,,6467,2852,,,1,100,,6468,2852,,,1
8501,'2',639,,5726,2606,,,1,100,,5727,2606,,,1,103,,5728,2797,,,1,100,,5729,2797,,,1,101,,5730,2857,,,1,100,,5731,2857,,,1,100,,5732,2857,,,1,103,,5733,3047,,,1,100,,5734,3047,,,1,105,,5735,3347,,,1,101,,5736,3347,,,1,104,,5737,3517,,,1,101,,5738,3517,,,1,93,,1685,3037,,,1,95,,5739,2687,,,1,101,,5740,2687,,,1,99,,5741,2567,,,1,101,,5742,2567,,,1
8501,'3',855,,6493,2807,,,1,100,,6494,2807,,,1,100,,6495,2807,,,1,104,,6496,3037,,,1,100,,6497,3037,,,1,100,,6498,3037,,,1,100,,6499,3037,,,1,99,,6500,2977,,,1,100,,6501,2977,,,1,100,,6502,2977,,,1,100,,6503,2977,,,1,100,,6504,2977,,,1
8501,'4',855,,6505,2807,,,1,100,,6506,2807,,,1,100,,6507,2807,,,1,104,,6508,3037,,,1,100,,6509,3037,,,1,100,,6510,3037,,,1,100,,6511,3037,,,1,99,,6512,2977,,,1,100,,6513,2977,,,1,100,,6514,2977,,,1,100,,6515,2977,,,1,100,,6516,2977,,,1
