2000,'2',621,,4782,1680,4,,1,15,,4783,1680,4,,1,15,,4784,1680,4,,1,55,,4785,1680,4,,1,15,,4786,1680,4,,1,15,,4787,1680,4,,1,15,,4788,1680,4,,1,57,,4789,1800,4,,1,15,,4790,1800,4,,1,15,,4791,1800,4,,1,15,,4792,1800,4,,1,55,,4793,1800,4,,1,15,,4794,1800,4,,1,15,,4795,1800,4,,1,15,,4796,1800,4,,1,55,,4797,1800,4,,1,15,,4798,1800,4,,1,15,,4799,1800,4,,1,15,,4800,1800,4,,1,55,,4801,1800,4,,1,15,,4802,1800,4,,1,15,,4803,1800,4,,1,15,,4804,1800,4,,1,55,,4805,1800,4,,1,15,,4806,1800,4,,1,16,,4807,1860,4,,1,15,,4808,1860,4,,1,55,,4809,1860,4,,1,16,,4810,1860,4,,1,15,,4811,1860,4,,1,15,,4812,1860,4,,1,55,,4813,1860,4,,1,15,,4814,1860,4,,1,15,,4815,1860,4,,1,17,,4816,1980,4,,1,55,,4817,1980,4,,1,16,,4818,1980,4,,1,16,,4819,1980,4,,1,15,,4820,1980,4,,1,55,,4821,1980,4,,1,16,,4822,1980,4,,1,16,,2215,1980,4,,1,55,,4823,1980,4,,1,15,,4824,1980,4,,1,16,,4825,1980,4,,1,16,,4826,1980,4,,1,55,,4827,1980,4,,1,15,,4828,1980,4,,1,13,,4829,1800,4,,1,15,,4830,1800,4,,1,55,,4831,1800,4,,1,15,,4832,1800,4,,1,30,,4833,1800,4,,1,70,,4834,1800,4,,1,28,,4835,1680,4,,1,70,,4836,1680,4,,1,30,,4837,1680,4,,1,70,,4838,1680,4,,1,30,,4839,1680,4,,1,97,,4840,1680,4,,1
2000,'3',830,,5887,1680,4,,1,70,,5888,1680,4,,1,30,,5889,1680,4,,1,70,,5890,1680,4,,1,30,,5891,1680,4,,1,70,,5892,1680,4,,1,32,,5893,1800,4,,1,70,,5894,1800,4,,1,30,,5895,1800,4,,1,70,,5896,1800,4,,1,30,,5897,1800,4,,1,70,,5898,1800,4,,1,30,,5899,1800,4,,1,70,,5900,1800,4,,1,31,,5901,1860,4,,1,70,,5902,1860,4,,1,30,,5903,1860,4,,1,70,,5904,1860,4,,1,30,,5905,1860,4,,1,70,,5906,1860,4,,1,30,,5907,1860,4,,1,70,,5908,1860,4,,1,31,,5909,1860,4,,1
2000,'4',830,,5910,1680,4,,1,70,,5911,1680,4,,1,30,,5912,1680,4,,1,70,,5913,1680,4,,1,30,,5914,1680,4,,1,70,,5915,1680,4,,1,32,,5916,1800,4,,1,70,,5917,1800,4,,1,30,,5918,1800,4,,1,70,,5919,1800,4,,1,30,,5920,1800,4,,1,70,,5921,1800,4,,1,30,,5922,1800,4,,1,70,,5923,1800,4,,1,31,,5924,1860,4,,1,70,,5925,1860,4,,1,30,,5926,1860,4,,1,70,,5927,1860,4,,1,30,,5928,1860,4,,1,70,,5929,1860,4,,1,30,,5930,1860,4,,1,70,,5931,1860,4,,1,31,,5932,1860,4,,1
2001,'2',601,,4864,0,,,1,15,,4865,0,,,1,15,,4866,0,,,1,15,,4867,0,,,1,55,,4868,0,,,1,15,,4869,0,,,1,15,,4870,0,,,1,15,,4871,0,,,1,55,,4872,0,,,1,15,,4873,0,,,1,15,,4874,0,,,1,15,,4875,0,,,1,55,,4876,0,,,1,15,,4877,0,,,1,15,,4878,0,,,1,15,,4879,0,,,1,55,,4880,0,,,1,15,,4881,0,,,1,15,,4882,0,,,1,15,,4883,0,,,1,55,,4884,0,,,1,15,,4885,0,,,1,15,,4886,0,,,1,15,,4887,0,,,1,55,,4888,0,,,1,15,,4889,0,,,1,15,,4890,0,,,1,15,,4891,0,,,1,55,,4892,0,,,1,15,,4893,0,,,1,15,,4894,0,,,1,15,,4895,0,,,1,55,,4896,0,,,1,15,,4897,0,,,1,15,,4898,0,,,1,15,,4899,0,,,1,55,,4900,0,,,1,15,,4901,0,,,1,16,,4902,0,,,1,16,,4903,0,,,1,55,,4904,0,,,1,15,,4905,0,,,1,16,,4906,0,,,1,16,,4907,0,,,1,55,,4908,0,,,1,15,,4909,0,,,1,16,,4910,0,,,1,16,,4911,0,,,1,55,,4912,0,,,1,15,,4913,0,,,1,15,,4914,0,,,1,70,,4915,0,,,1,30,,4916,0,,,1,70,,4917,0,,,1,30,,4918,0,,,1,70,,4919,0,,,1,30,,4920,0,,,1,70,,4921,0,,,1,100,,4922,0,,,1
2001,'3',807,,5933,0,,,1,30,,5934,0,,,1,70,,5935,0,,,1,30,,5936,0,,,1,70,,5937,0,,,1,30,,5938,0,,,1,70,,5939,0,,,1,30,,5940,0,,,1,70,,5941,0,,,1,30,,5942,0,,,1,70,,5943,0,,,1,30,,5944,0,,,1,70,,5945,0,,,1,30,,5946,0,,,1,70,,5947,0,,,1,30,,5948,0,,,1,70,,5949,0,,,1,30,,5950,0,,,1,70,,5951,0,,,1,30,,5952,0,,,1,70,,5953,0,,,1,30,,5954,0,,,1,70,,5955,0,,,1
2001,'4',807,,5956,0,,,1,30,,5957,0,,,1,70,,5958,0,,,1,30,,5959,0,,,1,70,,5960,0,,,1,30,,5961,0,,,1,70,,5962,0,,,1,30,,5963,0,,,1,70,,5964,0,,,1,30,,5965,0,,,1,70,,5966,0,,,1,30,,5967,0,,,1,70,,5968,0,,,1,30,,5969,0,,,1,70,,5970,0,,,1,30,,5971,0,,,1,70,,5972,0,,,1,30,,5973,0,,,1,70,,5974,0,,,1,30,,5975,0,,,1,70,,5976,0,,,1,30,,5977,0,,,1,70,,5978,0,,,1
5500,'2',612,,5517,1500,4,,1,30,,5518,1500,4,,1,70,,5519,1500,4,,1,30,,5520,1500,4,,1,71,,5521,1560,4,,1,30,,5522,1560,4,,1,70,,5523,1560,4,,1,30,,5524,1560,4,,1,70,,5525,1560,4,,1,31,,5526,1620,4,,1,70,,5527,1620,4,,1,30,,5528,1620,4,,1,70,,5529,1620,4,,1,31,,5530,1680,4,,1,70,,5531,1680,4,,1,30,,5532,1680,4,,1,70,,5533,1680,4,,1,30,,5534,1680,4,,1,72,,5535,1800,4,,1,30,,5536,1800,4,,1,70,,5537,1800,4,,1,30,,5538,1800,4,,1,70,,5539,1800,4,,1,30,,5540,1800,4,,1,70,,5541,1800,4,,1,26,,5542,1560,4,,1,70,,5543,1560,4,,1,30,,5544,1560,4,,1,70,,5545,1560,4,,1,27,,5546,1380,4,,1,70,,5547,1380,4,,1,30,,5548,1380,4,,1,70,,5549,1380,4,,1
5500,'3',816,,6373,1440,4,,1,100,,6374,1440,4,,1,100,,6375,1440,4,,1,100,,6376,1440,4,,1,101,,6377,1500,4,,1,100,,6378,1500,4,,1,100,,6379,1500,4,,1,100,,6380,1500,4,,1,103,,6381,1680,4,,1,100,,6382,1680,4,,1,100,,6383,1680,4,,1,100,,6384,1680,4,,1
5500,'4',816,,6385,1440,4,,1,100,,6386,1440,4,,1,100,,6387,1440,4,,1,100,,6388,1440,4,,1,101,,6389,1500,4,,1,100,,6390,1500,4,,1,100,,6391,1500,4,,1,100,,6392,1500,4,,1,103,,6393,1680,4,,1,100,,6394,1680,4,,1,100,,6395,1680,4,,1,100,,6396,1680,4,,1
5501,'2',550,,5562,0,,,1,70,,5563,0,,,1,30,,5564,0,,,1,70,,5565,0,,,1,30,,5566,0,,,1,70,,5567,0,,,1,30,,5568,0,,,1,70,,5569,0,,,1,30,,5570,0,,,1,70,,5571,0,,,1,30,,5572,0,,,1,70,,5573,0,,,1,30,,5574,0,,,1,70,,5575,0,,,1,30,,5576,0,,,1,70,,5577,0,,,1,30,,5578,0,,,1,70,,5579,0,,,1,30,,5580,0,,,1,71,,5581,0,,,1,30,,5582,0,,,1,70,,5583,0,,,1,30,,5584,0,,,1,70,,5585,0,,,1,30,,5586,0,,,1,70,,5587,0,,,1,30,,5588,0,,,1,70,,5589,0,,,1,30,,5590,0,,,1,70,,5591,0,,,1,30,,5592,0,,,1,70,,5593,0,,,1,30,,5594,0,,,1
5501,'3',826,,6397,0,,,1,100,,6398,0,,,1,100,,6399,0,,,1,100,,6400,0,,,1,100,,6401,0,,,1,100,,6402,0,,,1,100,,6403,0,,,1,100,,6404,0,,,1,100,,6405,0,,,1,100,,6406,0,,,1,100,,6407,0,,,1,100,,6408,0,,,1
5501,'4',826,,6409,0,,,1,100,,6410,0,,,1,100,,6411,0,,,1,100,,6412,0,,,1,100,,6413,0,,,1,100,,6414,0,,,1,100,,6415,0,,,1,100,,6416,0,,,1,100,,6417,0,,,1,100,,6418,0,,,1,100,,6419,0,,,1,100,,6420,0,,,1
