1000,'2',604,,4562,253,0,9 14 15 16,1,15,,4563,253,0,9 14 15 16,1,15,,4564,253,0,9 14 15 16,1,15,,4565,253,0,9 14 15 16,1,55,,4566,253,0,9 14 15 16,1,15,,4567,253,0,9 14 15 16,1,16,,4568,328,0,9 14 15 16,1,15,,4569,328,0,9 14 15 16,1,55,,4570,328,0,9 14 15 16,1,15,,4571,328,0,9 14 15 16,1,15,,4572,328,0,9 14 15 16,1,15,,4573,328,0,9 14 15 16,1,55,,4574,328,0,9 14 15 16,1,15,,4575,328,0,9 14 15 16,1,15,,4576,328,0,9 14 15 16,1,15,,4577,328,0,9 14 15 16,1,55,,4578,313,0,9 14 15 16,1,15,,4579,313,0,9 14 15 16,1,15,,4580,313,0,9 14 15 16,1,15,,4581,313,0,9 14 15 16,1,55,,4582,313,0,9 14 15 16,1,15,,4583,313,0,9 14 15 16,1,15,,4584,313,0,9 14 15 16,1,15,,4585,313,0,9 14 15 16,1,55,,4586,313,0,9 14 15 16,1,15,,4587,328,0,9 14 15 16,1,15,,4588,328,0,9 14 15 16,1,15,,4589,328,0,9 14 15 16,1,55,,4590,328,0,9 14 15 16,1,15,,4591,328,0,9 14 15 16,1,15,,4592,328,0,9 14 15 16,1,15,,4593,328,0,9 14 15 16,1,55,,4594,328,0,9 14 15 16,1,15,,4595,328,0,9 14 15 16,1,15,,4596,343,0,9 14 15 16,1,15,,353,343,0,9 14 15 16,1,55,,4597,343,0,9 14 15 16,1,16,,4598,343,0,9 14 15 16,1,16,,4599,343,0,9 14 15 16,1,15,,4600,343,0,9 14 15 16,1,56,,4601,343,0,9 14 15 16,1,16,,4602,343,0,9 14 15 16,1,15,,4603,343,0,9 14 15 16,1,15,,4604,343,0,9 14 15 16,1,55,,4605,343,0,9 14 15 16,1,15,,4606,343,0,9 14 15 16,1,16,,4607,343,0,9 14 15 16,1,15,,4608,343,0,9 14 15 16,1,55,,4609,328,0,9 14 15 16,1,16,,4610,328,0,9 14 15 16,1,15,,4611,328,0,9 14 15 16,1,15,,4612,328,0,9 14 15 16,1,55,,4613,328,0,9 14 15 16,1,30,,4614,328,0,9 14 15 16,1,69,,4615,253,0,9 14 15 16,1,30,,4616,253,0,9 14 15 16,1,70,,4617,253,0,9 14 15 16,1,30,,4618,253,0,9 14 15 16,1,69,,4619,238,0,9 14 15 16,1,100,,4620,238,0,9 14 15 16,1
1000,'3',803,,5747,253,0,9 14 15 16,1,30,,5748,253,0,9 14 15 16,1,70,,5749,253,0,9 14 15 16,1,30,,5750,253,0,9 14 15 16,1,70,,5751,253,0,9 14 15 16,1,30,,5752,253,0,9 14 15 16,1,70,,5753,253,0,9 14 15 16,1,31,,5754,328,0,9 14 15 16,1,70,,5755,328,0,9 14 15 16,1,30,,5756,328,0,9 14 15 16,1,70,,5757,328,0,9 14 15 16,1,30,,5758,328,0,9 14 15 16,1,70,,5759,328,0,9 14 15 16,1,30,,5760,328,0,9 14 15 16,1,70,,5761,328,0,9 14 15 16,1,30,,5762,328,0,9 14 15 16,1,70,,5763,328,0,9 14 15 16,1,30,,5764,328,0,9 14 15 16,1,70,,5765,328,0,9 14 15 16,1,30,,5766,328,0,9 14 15 16,1,70,,5767,328,0,9 14 15 16,1,30,,5768,328,0,9 14 15 16,1,100,,5769,328,0,9 14 15 16,1
1000,'4',803,,5770,253,0,9 14 15 16,1,30,,5771,253,0,9 14 15 16,1,70,,5772,253,0,9 14 15 16,1,30,,5773,253,0,9 14 15 16,1,70,,5774,253,0,9 14 15 16,1,30,,5775,253,0,9 14 15 16,1,70,,5776,253,0,9 14 15 16,1,31,,5777,328,0,9 14 15 16,1,70,,5778,328,0,9 14 15 16,1,30,,5779,328,0,9 14 15 16,1,70,,5780,328,0,9 14 15 16,1,30,,5781,328,0,9 14 15 16,1,70,,5782,328,0,9 14 15 16,1,30,,5783,328,0,9 14 15 16,1,70,,5784,328,0,9 14 15 16,1,30,,5785,328,0,9 14 15 16,1,70,,5786,328,0,9 14 15 16,1,30,,5787,328,0,9 14 15 16,1,70,,5788,328,0,9 14 15 16,1,30,,5789,328,0,9 14 15 16,1,70,,5790,328,0,9 14 15 16,1,30,,5791,328,0,9 14 15 16,1,100,,5792,328,0,9 14 15 16,1
4001,'2',604,,5379,257,0,9 5,1,30,,5380,257,0,9 5,1,70,,5381,257,0,9 5,1,30,,5382,257,0,9 5,1,70,,5383,257,0,9 5,1,30,,5384,257,0,9 5,1,70,,5385,257,0,9 5,1,30,,5386,257,0,9 5,1,70,,5387,257,0,9 5,1,30,,5388,257,0,9 5,1,70,,5389,257,0,9 5,1,30,,5390,257,0,9 5,1,70,,5391,257,0,9 5,1,31,,5392,317,0,9 5,1,70,,5393,317,0,9 5,1,30,,5394,317,0,9 5,1,70,,5395,317,0,9 5,1,30,,5396,332,0,9 5,1,70,,5397,332,0,9 5,1,30,,5398,332,0,9 5,1,70,,5399,332,0,9 5,1,30,,5400,332,0,9 5,1,70,,5401,332,0,9 5,1,30,,5402,332,0,9 5,1,70,,5403,332,0,9 5,1,29,,5404,257,0,9 5,1,485,,5405,257,0,9 5,1
4001,'3',730,,6277,257,0,9 5,1,100,,6278,257,0,9 5,1,100,,6279,257,0,9 5,1,100,,6280,257,0,9 5,1,101,,6281,332,0,9 5,1,100,,6282,332,0,9 5,1,100,,6283,332,0,9 5,1,100,,6284,332,0,9 5,1,100,,6285,302,0,9 5,1,100,,6286,302,0,9 5,1,100,,6287,302,0,9 5,1,100,,6288,302,0,9 5,1,100,,6289,302,0,9 5,1
4001,'4',730,,6290,257,0,9 5,1,100,,6291,257,0,9 5,1,100,,6292,257,0,9 5,1,100,,6293,257,0,9 5,1,101,,6294,332,0,9 5,1,100,,6295,332,0,9 5,1,100,,6296,332,0,9 5,1,100,,6297,332,0,9 5,1,100,,6298,302,0,9 5,1,100,,6299,302,0,9 5,1,100,,6300,302,0,9 5,1,100,,6301,302,0,9 5,1,100,,6302,302,0,9 5,1
6500,'2',619,,5607,257,,,1,30,,5608,257,,,1,70,,5609,257,,,1,30,,5610,272,,,1,70,,5611,272,,,1,30,,5612,272,,,1,70,,5613,272,,,1,30,,5614,272,,,1,70,,5615,257,,,1,30,,5616,257,,,1,70,,5617,257,,,1,30,,5618,257,,,1,71,,5619,257,,,1,30,,5620,257,,,1,71,,5621,257,,,1,29,,5622,257,,,1,71,,5623,257,,,1,29,,5624,332,,,1,70,,5625,332,,,1,30,,5626,332,,,1,70,,5627,332,,,1,30,,5628,332,,,1,70,,5629,332,,,1,30,,5630,332,,,1,69,,5631,257,,,1,30,,5632,257,,,1,70,,5633,257,,,1,30,,5634,257,,,1,70,,5635,257,,,1,30,,5636,257,,,1,70,,5637,257,,,1,30,,5638,257,,,1,70,,5639,257,,,1,30,,5640,257,,,1
6500,'3',802,,6421,257,,,1,100,,6422,257,,,1,100,,6423,257,,,1,100,,6424,257,,,1,100,,6425,272,,,1,100,,6426,272,,,1,100,,6427,272,,,1,100,,6428,272,,,1,100,,6429,272,,,1,100,,6430,272,,,1,100,,6431,272,,,1,100,,6432,272,,,1
6500,'4',802,,6433,257,,,1,100,,6434,257,,,1,100,,6435,257,,,1,100,,6436,257,,,1,100,,6437,272,,,1,100,,6438,272,,,1,100,,6439,272,,,1,100,,6440,272,,,1,100,,6441,272,,,1,100,,6442,272,,,1,100,,6443,272,,,1,100,,6444,272,,,1
8500,'2',551,,5697,240,0,9 21 22 23,1,100,,5698,240,0,9 21 22 23,1,100,,3196,240,0,9 21 22 23,1,100,,5699,240,0,9 21 22 23,1,100,,5700,240,0,9 21 22 23,1,100,,5701,240,0,9 21 22 23,1,100,,5702,240,0,9 21 22 23,1,100,,5703,240,0,9 21 22 23,1,100,,5704,240,0,9 21 22 23,1,101,,5705,334,0,9 21 22 23,1,102,,5706,334,0,9 21 22 23,1,100,,5707,274,0,9 21 22 23,1,101,,5708,274,0,9 21 22 23,1,101,,5709,240,0,9 21 22 23,1,101,,5710,240,0,9 21 22 23,1,101,,5711,240,0,9 21 22 23,1,101,,5712,240,0,9 21 22 23,1,141,,5713,240,0,9 21 22 23,1
8500,'3',812,,6469,240,0,9 21 22 23,1,100,,6470,240,0,9 21 22 23,1,100,,6471,240,0,9 21 22 23,1,100,,6472,240,0,9 21 22 23,1,100,,6473,240,0,9 21 22 23,1,100,,6474,240,0,9 21 22 23,1,100,,6475,240,0,9 21 22 23,1,100,,6476,257,0,9 21 22 23,1,100,,6477,257,0,9 21 22 23,1,100,,6478,257,0,9 21 22 23,1,100,,6479,257,0,9 21 22 23,1,100,,6480,257,0,9 21 22 23,1
8500,'4',812,,6481,240,0,9 21 22 23,1,100,,6482,240,0,9 21 22 23,1,100,,6483,240,0,9 21 22 23,1,100,,6484,240,0,9 21 22 23,1,100,,6485,240,0,9 21 22 23,1,100,,6486,240,0,9 21 22 23,1,100,,6487,240,0,9 21 22 23,1,100,,6488,257,0,9 21 22 23,1,100,,6489,257,0,9 21 22 23,1,100,,6490,257,0,9 21 22 23,1,100,,6491,257,0,9 21 22 23,1,100,,6492,257,0,9 21 22 23,1
