1000,'2',640,,4562,2400,4,,1,15,,4563,2400,4,,1,55,,4564,2400,4,,1,15,,4565,2400,4,,1,15,,4566,2400,4,,1,15,,4567,2400,4,,1,58,,4568,2580,4,,1,15,,4569,2580,4,,1,15,,4570,2580,4,,1,15,,4571,2580,4,,1,55,,4572,2580,4,,1,15,,4573,2580,4,,1,15,,4574,2580,4,,1,15,,4575,2580,4,,1,55,,4576,2580,4,,1,15,,4577,2580,4,,1,16,,4578,2640,4,,1,15,,4579,2640,4,,1,55,,4580,2640,4,,1,15,,4581,2640,4,,1,15,,4582,2640,4,,1,15,,4583,2640,4,,1,55,,4584,2640,4,,1,15,,4585,2640,4,,1,15,,4586,2640,4,,1,58,,4587,2820,4,,1,15,,4588,2820,4,,1,15,,4589,2820,4,,1,15,,4590,2820,4,,1,55,,4591,2820,4,,1,15,,4592,2820,4,,1,15,,4593,2820,4,,1,15,,4594,2820,4,,1,55,,4595,2820,4,,1,18,,4596,3000,4,,1,15,,353,3000,4,,1,15,,4597,3000,4,,1,56,,4598,3000,4,,1,16,,4599,3000,4,,1,15,,4600,3000,4,,1,16,,4601,3000,4,,1,56,,4602,3000,4,,1,14,,4603,2940,4,,1,15,,4604,2940,4,,1,15,,4605,2940,4,,1,55,,4606,2940,4,,1,16,,4607,2940,4,,1,15,,4608,2940,4,,1,9,,4609,2580,4,,1,56,,4610,2580,4,,1,15,,4611,2580,4,,1,15,,4612,2580,4,,1,15,,4613,2580,4,,1,70,,4614,2580,4,,1,27,,4615,2400,4,,1,70,,4616,2400,4,,1,30,,4617,2400,4,,1,70,,4618,2400,4,,1,27,,4619,2220,4,,1,100,,4620,2220,4,,1
1000,'3',839,,5747,2400,4,,1,70,,5748,2400,4,,1,30,,5749,2400,4,,1,70,,5750,2400,4,,1,30,,5751,2400,4,,1,70,,5752,2400,4,,1,30,,5753,2400,4,,1,74,,5754,2640,4,,1,30,,5755,2640,4,,1,70,,5756,2640,4,,1,30,,5757,2640,4,,1,70,,5758,2640,4,,1,30,,5759,2640,4,,1,70,,5760,2640,4,,1,30,,5761,2640,4,,1,70,,5762,2640,4,,1,30,,5763,2640,4,,1,70,,5764,2640,4,,1,30,,5765,2640,4,,1,70,,5766,2640,4,,1,30,,5767,2640,4,,1,70,,5768,2640,4,,1,100,,5769,2640,4,,1
1000,'4',839,,5770,2400,4,,1,70,,5771,2400,4,,1,30,,5772,2400,4,,1,70,,5773,2400,4,,1,30,,5774,2400,4,,1,70,,5775,2400,4,,1,30,,5776,2400,4,,1,74,,5777,2640,4,,1,30,,5778,2640,4,,1,70,,5779,2640,4,,1,30,,5780,2640,4,,1,70,,5781,2640,4,,1,30,,5782,2640,4,,1,70,,5783,2640,4,,1,30,,5784,2640,4,,1,70,,5785,2640,4,,1,30,,5786,2640,4,,1,70,,5787,2640,4,,1,30,,5788,2640,4,,1,70,,5789,2640,4,,1,30,,5790,2640,4,,1,70,,5791,2640,4,,1,100,,5792,2640,4,,1
1001,'2',607,,4644,0,,,1,15,,4645,0,,,1,15,,4646,0,,,1,15,,4647,0,,,1,55,,4648,0,,,1,15,,4649,0,,,1,15,,4650,0,,,1,15,,4651,0,,,1,55,,4652,0,,,1,15,,4653,0,,,1,15,,4654,0,,,1,15,,4655,0,,,1,55,,4656,0,,,1,15,,4657,0,,,1,15,,4658,0,,,1,15,,4659,0,,,1,55,,4660,0,,,1,15,,4661,0,,,1,15,,4662,0,,,1,15,,4663,0,,,1,55,,4664,0,,,1,15,,4665,0,,,1,15,,4666,0,,,1,15,,4667,0,,,1,55,,4668,0,,,1,15,,4669,0,,,1,15,,4670,0,,,1,15,,4671,0,,,1,55,,4672,0,,,1,15,,4673,0,,,1,15,,4674,0,,,1,15,,4675,0,,,1,55,,4676,0,,,1,15,,4677,0,,,1,15,,4678,0,,,1,15,,4679,0,,,1,56,,4680,0,,,1,16,,4681,0,,,1,15,,4682,0,,,1,15,,4683,0,,,1,56,,4684,0,,,1,16,,4685,0,,,1,15,,4686,0,,,1,16,,4687,0,,,1,56,,4688,0,,,1,15,,4689,0,,,1,15,,4690,0,,,1,15,,4691,0,,,1,55,,4692,0,,,1,20,,4693,0,,,1,10,,4694,0,,,1,15,,4695,0,,,1,70,,4696,0,,,1,30,,4697,0,,,1,70,,4698,0,,,1,30,,4699,0,,,1,70,,4700,0,,,1,30,,4701,0,,,1,100,,4702,0,,,1
1001,'3',817,,5793,0,,,1,30,,5794,0,,,1,70,,5795,0,,,1,30,,5796,0,,,1,70,,5797,0,,,1,30,,5798,0,,,1,70,,5799,0,,,1,30,,5800,0,,,1,70,,5801,0,,,1,30,,5802,0,,,1,70,,5803,0,,,1,30,,5804,0,,,1,70,,5805,0,,,1,30,,5806,0,,,1,70,,5807,0,,,1,30,,5808,0,,,1,70,,5809,0,,,1,30,,5810,0,,,1,70,,5811,0,,,1,30,,5812,0,,,1,70,,5813,0,,,1,30,,5814,0,,,1,71,,5815,0,,,1
1001,'4',817,,5816,0,,,1,30,,5817,0,,,1,70,,5818,0,,,1,30,,5819,0,,,1,70,,5820,0,,,1,30,,5821,0,,,1,70,,5822,0,,,1,30,,5823,0,,,1,70,,5824,0,,,1,30,,5825,0,,,1,70,,5826,0,,,1,30,,5827,0,,,1,70,,5828,0,,,1,30,,5829,0,,,1,70,,5830,0,,,1,30,,5831,0,,,1,70,,5832,0,,,1,30,,5833,0,,,1,70,,5834,0,,,1,30,,5835,0,,,1,70,,5836,0,,,1,30,,5837,0,,,1,71,,5838,0,,,1
3000,'2',619,,5068,1500,4,,1,15,,5069,1500,4,,1,15,,5070,1500,4,,1,55,,5071,1500,4,,1,15,,5072,1500,4,,1,15,,5073,1500,4,,1,15,,5074,1500,4,,1,56,,5075,1560,4,,1,15,,5076,1560,4,,1,15,,5077,1560,4,,1,15,,5078,1560,4,,1,55,,5079,1560,4,,1,15,,5080,1560,4,,1,15,,5081,1560,4,,1,15,,5082,1560,4,,1,55,,5083,1560,4,,1,15,,5084,1560,4,,1,16,,5085,1620,4,,1,15,,5086,1620,4,,1,55,,5087,1620,4,,1,15,,5088,1620,4,,1,15,,5089,1620,4,,1,15,,5090,1620,4,,1,55,,5091,1620,4,,1,15,,5092,1620,4,,1,17,,5093,1740,4,,1,15,,5094,1740,4,,1,56,,5095,1740,4,,1,15,,5096,1740,4,,1,15,,5097,1740,4,,1,15,,5098,1740,4,,1,55,,5099,1740,4,,1,15,,5100,1740,4,,1,15,,5101,1740,4,,1,18,,5102,1920,4,,1,55,,5103,1920,4,,1,16,,5104,1920,4,,1,16,,5105,1920,4,,1,15,,5106,1920,4,,1,55,,5107,1920,4,,1,15,,5108,1920,4,,1,16,,5109,1920,4,,1,56,,5110,1920,4,,1,15,,5111,1920,4,,1,15,,5112,1920,4,,1,16,,5113,1920,4,,1,56,,5114,1920,4,,1,15,,5115,1920,4,,1,9,,5116,1560,4,,1,16,,5117,1560,4,,1,16,,5118,1560,4,,1,55,,5119,1560,4,,1,23,,5120,1560,4,,1,70,,5121,1560,4,,1,30,,5122,1560,4,,1,70,,5123,1560,4,,1,30,,5124,1560,4,,1,70,,5125,1560,4,,1,28,,5126,1440,4,,1,100,,5127,1440,4,,1
3000,'3',818,,6067,1560,4,,1,30,,6068,1560,4,,1,70,,6069,1560,4,,1,30,,6070,1560,4,,1,70,,6071,1560,4,,1,30,,6072,1560,4,,1,70,,6073,1560,4,,1,32,,6074,1680,4,,1,70,,6075,1680,4,,1,30,,6076,1680,4,,1,70,,6077,1680,4,,1,30,,6078,1680,4,,1,70,,6079,1680,4,,1,30,,6080,1680,4,,1,70,,6081,1680,4,,1,30,,6082,1680,4,,1,70,,6083,1680,4,,1,30,,6084,1680,4,,1,70,,6085,1680,4,,1,30,,6086,1680,4,,1,70,,6087,1680,4,,1,30,,6088,1680,4,,1,70,,6089,1680,4,,1,30,,6090,1680,4,,1
3000,'4',818,,6091,1560,4,,1,30,,6092,1560,4,,1,70,,6093,1560,4,,1,30,,6094,1560,4,,1,70,,6095,1560,4,,1,30,,6096,1560,4,,1,70,,6097,1560,4,,1,32,,6098,1680,4,,1,70,,6099,1680,4,,1,30,,6100,1680,4,,1,70,,6101,1680,4,,1,30,,6102,1680,4,,1,70,,6103,1680,4,,1,30,,6104,1680,4,,1,70,,6105,1680,4,,1,30,,6106,1680,4,,1,70,,6107,1680,4,,1,30,,6108,1680,4,,1,70,,6109,1680,4,,1,30,,6110,1680,4,,1,70,,6111,1680,4,,1,30,,6112,1680,4,,1,70,,6113,1680,4,,1,30,,6114,1680,4,,1
3001,'2',558,,5151,0,,,1,55,,5152,0,,,1,15,,5153,0,,,1,15,,5154,0,,,1,15,,5155,0,,,1,55,,5156,0,,,1,15,,5157,0,,,1,15,,5158,0,,,1,15,,5159,0,,,1,55,,5160,0,,,1,15,,5161,0,,,1,15,,5162,0,,,1,15,,5163,0,,,1,55,,5164,0,,,1,15,,5165,0,,,1,15,,5166,0,,,1,15,,5167,0,,,1,55,,5168,0,,,1,15,,5169,0,,,1,15,,5170,0,,,1,15,,5171,0,,,1,55,,5172,0,,,1,15,,5173,0,,,1,15,,5174,0,,,1,15,,5175,0,,,1,55,,5176,0,,,1,15,,5177,0,,,1,15,,5178,0,,,1,15,,5179,0,,,1,55,,5180,0,,,1,15,,5181,0,,,1,15,,5182,0,,,1,15,,5183,0,,,1,55,,5184,0,,,1,16,,5185,0,,,1,16,,5186,0,,,1,56,,5187,0,,,1,15,,5188,0,,,1,16,,5189,0,,,1,16,,5190,0,,,1,55,,5191,0,,,1,15,,5192,0,,,1,15,,5193,0,,,1,16,,5194,0,,,1,56,,5195,0,,,1,15,,5196,0,,,1,15,,5197,0,,,1,16,,5198,0,,,1,56,,5199,0,,,1,15,,5200,0,,,1,12,,3065,0,,,1,70,,5201,0,,,1,30,,5202,0,,,1,70,,5203,0,,,1,30,,5204,0,,,1,70,,5205,0,,,1,30,,5206,0,,,1,70,,5207,0,,,1,100,,5208,0,,,1
3001,'3',828,,6115,0,,,1,30,,6116,0,,,1,70,,6117,0,,,1,30,,6118,0,,,1,70,,6119,0,,,1,30,,6120,0,,,1,70,,6121,0,,,1,30,,6122,0,,,1,70,,6123,0,,,1,30,,6124,0,,,1,70,,6125,0,,,1,30,,6126,0,,,1,70,,6127,0,,,1,30,,6128,0,,,1,70,,6129,0,,,1,30,,6130,0,,,1,70,,6131,0,,,1,30,,6132,0,,,1,70,,6133,0,,,1,30,,6134,0,,,1,70,,6135,0,,,1,30,,6136,0,,,1,70,,6137,0,,,1
3001,'4',828,,6138,0,,,1,30,,6139,0,,,1,70,,6140,0,,,1,30,,6141,0,,,1,70,,6142,0,,,1,30,,6143,0,,,1,70,,6144,0,,,1,30,,6145,0,,,1,70,,6146,0,,,1,30,,6147,0,,,1,70,,6148,0,,,1,30,,6149,0,,,1,70,,6150,0,,,1,30,,6151,0,,,1,70,,6152,0,,,1,30,,6153,0,,,1,70,,6154,0,,,1,30,,6155,0,,,1,70,,6156,0,,,1,30,,6157,0,,,1,70,,6158,0,,,1,30,,6159,0,,,1,70,,6160,0,,,1
