1000,'2',602,,4562,120,,,1,15,,4563,120,,,1,15,,4564,120,,,1,15,,4565,120,,,1,55,,4566,120,,,1,15,,4567,120,,,1,16,,4568,180,,,1,15,,4569,180,,,1,55,,4570,180,,,1,15,,4571,180,,,1,15,,4572,180,,,1,15,,4573,180,,,1,55,,4574,180,,,1,15,,4575,180,,,1,15,,4576,180,,,1,15,,4577,180,,,1,55,,4578,180,,,1,15,,4579,180,,,1,15,,4580,180,,,1,15,,4581,180,,,1,55,,4582,180,,,1,15,,4583,180,,,1,15,,4584,180,,,1,15,,4585,180,,,1,55,,4586,180,,,1,15,,4587,180,,,1,15,,4588,180,,,1,15,,4589,180,,,1,55,,4590,180,,,1,15,,4591,180,,,1,15,,4592,180,,,1,15,,4593,180,,,1,55,,4594,180,,,1,15,,4595,180,,,1,15,,4596,180,,,1,15,,353,180,,,1,55,,4597,180,,,1,16,,4598,180,,,1,16,,4599,180,,,1,15,,4600,180,,,1,56,,4601,180,,,1,16,,4602,180,,,1,15,,4603,180,,,1,15,,4604,180,,,1,55,,4605,180,,,1,15,,4606,180,,,1,16,,4607,180,,,1,15,,4608,180,,,1,55,,4609,180,,,1,16,,4610,180,,,1,15,,4611,180,,,1,15,,4612,180,,,1,55,,4613,180,,,1,30,,4614,180,,,1,69,,4615,120,,,1,30,,4616,120,,,1,70,,4617,120,,,1,30,,4618,120,,,1,70,,4619,120,,,1,100,,4620,120,,,1
1000,'3',801,,5747,120,,,1,30,,5748,120,,,1,70,,5749,120,,,1,30,,5750,120,,,1,70,,5751,120,,,1,30,,5752,120,,,1,70,,5753,120,,,1,31,,5754,180,,,1,70,,5755,180,,,1,30,,5756,180,,,1,70,,5757,180,,,1,30,,5758,180,,,1,70,,5759,180,,,1,30,,5760,180,,,1,70,,5761,180,,,1,30,,5762,180,,,1,70,,5763,180,,,1,30,,5764,180,,,1,70,,5765,180,,,1,30,,5766,180,,,1,70,,5767,180,,,1,30,,5768,180,,,1,100,,5769,180,,,1
1000,'4',801,,5770,120,,,1,30,,5771,120,,,1,70,,5772,120,,,1,30,,5773,120,,,1,70,,5774,120,,,1,30,,5775,120,,,1,70,,5776,120,,,1,31,,5777,180,,,1,70,,5778,180,,,1,30,,5779,180,,,1,70,,5780,180,,,1,30,,5781,180,,,1,70,,5782,180,,,1,30,,5783,180,,,1,70,,5784,180,,,1,30,,5785,180,,,1,70,,5786,180,,,1,30,,5787,180,,,1,70,,5788,180,,,1,30,,5789,180,,,1,70,,5790,180,,,1,30,,5791,180,,,1,100,,5792,180,,,1
2001,'2',628,,4864,1620,,,1,15,,4865,1620,,,1,15,,4866,1620,,,1,55,,4867,1620,,,1,15,,4868,1620,,,1,15,,4869,1620,,,1,15,,4870,1620,,,1,55,,4871,1620,,,1,15,,4872,1620,,,1,15,,4873,1620,,,1,15,,4874,1620,,,1,55,,4875,1620,,,1,15,,4876,1620,,,1,15,,4877,1620,,,1,15,,4878,1620,,,1,55,,4879,1620,,,1,16,,4880,1680,,,1,15,,4881,1680,,,1,15,,4882,1680,,,1,55,,4883,1680,,,1,15,,4884,1680,,,1,15,,4885,1680,,,1,15,,4886,1680,,,1,55,,4887,1680,,,1,17,,4888,1800,,,1,15,,4889,1800,,,1,55,,4890,1800,,,1,15,,4891,1800,,,1,15,,4892,1800,,,1,15,,4893,1800,,,1,55,,4894,1800,,,1,15,,4895,1800,,,1,15,,4896,1800,,,1,15,,4897,1800,,,1,57,,4898,1920,,,1,15,,4899,1920,,,1,15,,4900,1920,,,1,15,,4901,1920,,,1,56,,4902,1920,,,1,16,,4903,1920,,,1,15,,4904,1920,,,1,15,,4905,1920,,,1,56,,4906,1920,,,1,16,,4907,1920,,,1,15,,4908,1920,,,1,15,,4909,1920,,,1,56,,4910,1920,,,1,16,,4911,1920,,,1,9,,4912,1560,,,1,15,,4913,1560,,,1,55,,4914,1560,,,1,30,,4915,1560,,,1,70,,4916,1560,,,1,29,,4917,1500,,,1,70,,4918,1500,,,1,30,,4919,1500,,,1,70,,4920,1500,,,1,29,,4921,1440,,,1,100,,4922,1440,,,1
2001,'3',835,,5933,1680,,,1,70,,5934,1680,,,1,30,,5935,1680,,,1,70,,5936,1680,,,1,30,,5937,1680,,,1,70,,5938,1680,,,1,30,,5939,1680,,,1,70,,5940,1680,,,1,30,,5941,1680,,,1,70,,5942,1680,,,1,30,,5943,1680,,,1,70,,5944,1680,,,1,30,,5945,1680,,,1,70,,5946,1680,,,1,30,,5947,1680,,,1,70,,5948,1680,,,1,30,,5949,1680,,,1,70,,5950,1680,,,1,30,,5951,1680,,,1,70,,5952,1680,,,1,30,,5953,1680,,,1,70,,5954,1680,,,1,30,,5955,1680,,,1
2001,'4',835,,5956,1680,,,1,70,,5957,1680,,,1,30,,5958,1680,,,1,70,,5959,1680,,,1,30,,5960,1680,,,1,70,,5961,1680,,,1,30,,5962,1680,,,1,70,,5963,1680,,,1,30,,5964,1680,,,1,70,,5965,1680,,,1,30,,5966,1680,,,1,70,,5967,1680,,,1,30,,5968,1680,,,1,70,,5969,1680,,,1,30,,5970,1680,,,1,70,,5971,1680,,,1,30,,5972,1680,,,1,70,,5973,1680,,,1,30,,5974,1680,,,1,70,,5975,1680,,,1,30,,5976,1680,,,1,70,,5977,1680,,,1,30,,5978,1680,,,1
2500,'2',603,,4945,120,,,1,30,,4946,120,,,1,70,,4947,120,,,1,31,,4948,180,,,1,70,,4949,180,,,1,30,,4950,180,,,1,70,,4951,180,,,1,15,,4952,180,,,1,15,,4953,180,,,1,70,,4954,180,,,1,15,,4955,180,,,1,15,,4956,180,,,1,70,,4957,180,,,1,30,,4958,180,,,1,15,,4959,180,,,1,55,,4960,180,,,1,30,,4961,180,,,1,15,,4962,180,,,1,55,,4963,180,,,1,30,,4964,180,,,1,70,,4965,180,,,1,30,,4966,180,,,1,70,,4967,180,,,1,30,,4968,180,,,1,70,,4969,180,,,1,30,,4970,180,,,1,70,,4971,180,,,1,30,,4972,180,,,1,70,,1191,180,,,1,30,,4973,180,,,1,70,,4974,180,,,1,30,,4975,180,,,1,70,,4976,180,,,1,30,,4977,180,,,1,70,,4978,180,,,1,30,,4979,180,,,1,70,,4980,180,,,1,30,,4981,180,,,1,70,,4982,180,,,1
2500,'3',813,,5979,120,,,1,30,,5980,120,,,1,70,,5981,120,,,1,30,,5982,120,,,1,70,,5983,120,,,1,30,,5984,120,,,1,70,,5985,120,,,1,30,,5986,120,,,1,70,,5987,120,,,1,30,,5988,120,,,1,70,,5989,120,,,1,30,,5990,120,,,1,70,,5991,120,,,1,30,,5992,120,,,1,70,,5993,120,,,1,30,,5994,120,,,1,70,,5995,120,,,1,30,,5996,120,,,1,70,,5997,120,,,1,30,,5998,120,,,1,70,,5999,120,,,1,100,,6000,120,,,1
2500,'4',813,,6001,120,,,1,30,,6002,120,,,1,70,,6003,120,,,1,30,,6004,120,,,1,70,,6005,120,,,1,30,,6006,120,,,1,70,,6007,120,,,1,30,,6008,120,,,1,70,,6009,120,,,1,30,,6010,120,,,1,70,,6011,120,,,1,30,,6012,120,,,1,70,,6013,120,,,1,30,,6014,120,,,1,70,,6015,120,,,1,30,,6016,120,,,1,70,,6017,120,,,1,30,,6018,120,,,1,70,,6019,120,,,1,30,,6020,120,,,1,70,,6021,120,,,1,100,,6022,120,,,1
3500,'2',614,,5274,120,,,1,30,,5275,120,,,1,70,,5276,120,,,1,30,,5277,120,,,1,70,,5278,120,,,1,30,,5279,120,,,1,70,,5280,120,,,1,30,,5281,120,,,1,70,,5282,120,,,1,30,,5283,120,,,1,70,,5284,120,,,1,30,,5285,120,,,1,70,,5286,120,,,1,30,,5287,120,,,1,70,,5288,120,,,1,30,,5289,120,,,1,70,,5290,120,,,1,31,,5291,180,,,1,70,,5292,180,,,1,30,,5293,180,,,1,70,,5294,180,,,1,30,,5295,180,,,1,70,,5296,180,,,1,30,,5297,180,,,1,69,,5298,120,,,1,30,,5299,120,,,1,70,,5300,120,,,1,30,,5301,120,,,1,70,,5302,120,,,1,30,,5303,120,,,1,70,,5304,120,,,1,30,,5305,120,,,1,70,,5306,120,,,1,30,,5307,120,,,1,70,,5308,120,,,1
3500,'3',806,,6185,180,,,1,30,,6186,180,,,1,70,,6187,180,,,1,30,,6188,180,,,1,70,,6189,180,,,1,30,,6190,180,,,1,70,,6191,180,,,1,30,,6192,180,,,1,70,,6193,180,,,1,30,,6194,180,,,1,70,,6195,180,,,1,30,,6196,180,,,1,70,,6197,180,,,1,30,,6198,180,,,1,70,,6199,180,,,1,30,,6200,180,,,1,70,,6201,180,,,1,30,,6202,180,,,1,70,,6203,180,,,1,30,,6204,180,,,1,70,,6205,180,,,1,30,,6206,180,,,1,70,,6207,180,,,1
3500,'4',806,,6208,180,,,1,30,,6209,180,,,1,70,,6210,180,,,1,30,,6211,180,,,1,70,,6212,180,,,1,30,,6213,180,,,1,70,,6214,180,,,1,30,,6215,180,,,1,70,,6216,180,,,1,30,,6217,180,,,1,70,,6218,180,,,1,30,,6219,180,,,1,70,,6220,180,,,1,30,,6221,180,,,1,70,,6222,180,,,1,30,,6223,180,,,1,70,,6224,180,,,1,30,,6225,180,,,1,70,,6226,180,,,1,30,,6227,180,,,1,70,,6228,180,,,1,30,,6229,180,,,1,70,,6230,180,,,1
4001,'2',602,,5379,120,,,1,30,,5380,120,,,1,70,,5381,120,,,1,30,,5382,120,,,1,70,,5383,120,,,1,30,,5384,120,,,1,70,,5385,120,,,1,30,,5386,120,,,1,70,,5387,120,,,1,30,,5388,120,,,1,70,,5389,120,,,1,30,,5390,120,,,1,70,,5391,120,,,1,31,,5392,180,,,1,70,,5393,180,,,1,30,,5394,180,,,1,70,,5395,180,,,1,30,,5396,180,,,1,70,,5397,180,,,1,30,,5398,180,,,1,70,,5399,180,,,1,30,,5400,180,,,1,70,,5401,180,,,1,30,,5402,180,,,1,70,,5403,180,,,1,29,,5404,120,,,1,485,,5405,120,,,1
4001,'3',728,,6277,120,,,1,100,,6278,120,,,1,100,,6279,120,,,1,100,,6280,120,,,1,101,,6281,180,,,1,100,,6282,180,,,1,100,,6283,180,,,1,100,,6284,180,,,1,100,,6285,180,,,1,100,,6286,180,,,1,100,,6287,180,,,1,100,,6288,180,,,1,100,,6289,180,,,1
4001,'4',728,,6290,120,,,1,100,,6291,120,,,1,100,,6292,120,,,1,100,,6293,120,,,1,101,,6294,180,,,1,100,,6295,180,,,1,100,,6296,180,,,1,100,,6297,180,,,1,100,,6298,180,,,1,100,,6299,180,,,1,100,,6300,180,,,1,100,,6301,180,,,1,100,,6302,180,,,1
6500,'2',617,,5607,120,,,1,30,,5608,120,,,1,70,,5609,120,,,1,30,,5610,120,,,1,70,,5611,120,,,1,30,,5612,120,,,1,70,,5613,120,,,1,30,,5614,120,,,1,70,,5615,120,,,1,30,,5616,120,,,1,70,,5617,120,,,1,30,,5618,120,,,1,71,,5619,120,,,1,30,,5620,120,,,1,71,,5621,120,,,1,29,,5622,120,,,1,71,,5623,120,,,1,29,,5624,180,,,1,70,,5625,180,,,1,30,,5626,180,,,1,70,,5627,180,,,1,30,,5628,180,,,1,70,,5629,180,,,1,30,,5630,180,,,1,69,,5631,120,,,1,30,,5632,120,,,1,70,,5633,120,,,1,30,,5634,120,,,1,70,,5635,120,,,1,30,,5636,120,,,1,70,,5637,120,,,1,30,,5638,120,,,1,70,,5639,120,,,1,30,,5640,120,,,1
6500,'3',800,,6421,120,,,1,100,,6422,120,,,1,100,,6423,120,,,1,100,,6424,120,,,1,100,,6425,120,,,1,100,,6426,120,,,1,100,,6427,120,,,1,100,,6428,120,,,1,100,,6429,120,,,1,100,,6430,120,,,1,100,,6431,120,,,1,100,,6432,120,,,1
6500,'4',800,,6433,120,,,1,100,,6434,120,,,1,100,,6435,120,,,1,100,,6436,120,,,1,100,,6437,120,,,1,100,,6438,120,,,1,100,,6439,120,,,1,100,,6440,120,,,1,100,,6441,120,,,1,100,,6442,120,,,1,100,,6443,120,,,1,100,,6444,120,,,1
8500,'2',549,,5697,120,,,1,100,,5698,120,,,1,100,,3196,120,,,1,100,,5699,120,,,1,100,,5700,120,,,1,100,,5701,120,,,1,100,,5702,120,,,1,100,,5703,120,,,1,100,,5704,120,,,1,101,,5705,180,,,1,102,,5706,180,,,1,100,,5707,120,,,1,101,,5708,120,,,1,101,,5709,120,,,1,101,,5710,120,,,1,101,,5711,120,,,1,101,,5712,120,,,1,101,,5713,120,,,1
8500,'3',810,,6469,120,,,1,100,,6470,120,,,1,100,,6471,120,,,1,100,,6472,120,,,1,100,,6473,120,,,1,100,,6474,120,,,1,100,,6475,120,,,1,100,,6476,120,,,1,100,,6477,120,,,1,100,,6478,120,,,1,100,,6479,120,,,1,100,,6480,120,,,1
8500,'4',810,,6481,120,,,1,100,,6482,120,,,1,100,,6483,120,,,1,100,,6484,120,,,1,100,,6485,120,,,1,100,,6486,120,,,1,100,,6487,120,,,1,100,,6488,120,,,1,100,,6489,120,,,1,100,,6490,120,,,1,100,,6491,120,,,1,100,,6492,120,,,1
