1000,'2',625,,4562,1500,,,1,15,,4563,1500,,,1,15,,4564,1500,,,1,55,,4565,1500,,,1,15,,4566,1500,,,1,15,,4567,1500,,,1,18,,4568,1680,,,1,55,,4569,1680,,,1,15,,4570,1680,,,1,15,,4571,1680,,,1,15,,4572,1680,,,1,55,,4573,1680,,,1,15,,4574,1680,,,1,15,,4575,1680,,,1,15,,4576,1680,,,1,55,,4577,1680,,,1,15,,4578,1680,,,1,15,,4579,1680,,,1,15,,4580,1680,,,1,55,,4581,1680,,,1,15,,4582,1680,,,1,15,,4583,1680,,,1,15,,4584,1680,,,1,55,,4585,1680,,,1,15,,4586,1680,,,1,17,,4587,1800,,,1,55,,4588,1800,,,1,15,,4589,1800,,,1,15,,4590,1800,,,1,15,,4591,1800,,,1,55,,4592,1800,,,1,15,,4593,1800,,,1,15,,4594,1800,,,1,15,,4595,1800,,,1,56,,4596,1913,,,1,15,,353,1913,,,1,15,,4597,1913,,,1,16,,4598,1913,,,1,56,,4599,1913,,,1,15,,4600,1913,,,1,16,,4601,1913,,,1,16,,4602,1913,,,1,56,,4603,1920,,,1,15,,4604,1920,,,1,15,,4605,1920,,,1,15,,4606,1920,,,1,56,,4607,1920,,,1,15,,4608,1920,,,1,10,,4609,1628,,,1,16,,4610,1628,,,1,55,,4611,1628,,,1,15,,4612,1628,,,1,15,,4613,1628,,,1,70,,4614,1628,,,1,28,,4615,1508,,,1,70,,4616,1508,,,1,30,,4617,1508,,,1,70,,4618,1508,,,1,27,,4619,1335,,,1,100,,4620,1335,,,1
1000,'3',824,,5747,1508,,,1,30,,5748,1508,,,1,70,,5749,1508,,,1,30,,5750,1508,,,1,70,,5751,1508,,,1,30,,5752,1508,,,1,70,,5753,1508,,,1,35,,5754,1800,,,1,70,,5755,1800,,,1,30,,5756,1800,,,1,70,,5757,1800,,,1,30,,5758,1800,,,1,70,,5759,1800,,,1,30,,5760,1800,,,1,70,,5761,1800,,,1,30,,5762,1800,,,1,70,,5763,1800,,,1,30,,5764,1800,,,1,70,,5765,1800,,,1,30,,5766,1800,,,1,70,,5767,1800,,,1,30,,5768,1800,,,1,100,,5769,1800,,,1
1000,'4',824,,5770,1508,,,1,30,,5771,1508,,,1,70,,5772,1508,,,1,30,,5773,1508,,,1,70,,5774,1508,,,1,30,,5775,1508,,,1,70,,5776,1508,,,1,35,,5777,1800,,,1,70,,5778,1800,,,1,30,,5779,1800,,,1,70,,5780,1800,,,1,30,,5781,1800,,,1,70,,5782,1800,,,1,30,,5783,1800,,,1,70,,5784,1800,,,1,30,,5785,1800,,,1,70,,5786,1800,,,1,30,,5787,1800,,,1,70,,5788,1800,,,1,30,,5789,1800,,,1,70,,5790,1800,,,1,30,,5791,1800,,,1,100,,5792,1800,,,1
1001,'2',624,,4644,1030,,,1,15,,4645,1030,,,1,15,,4646,1030,,,1,55,,4647,1030,,,1,15,,4648,1030,,,1,15,,4649,1030,,,1,17,,4650,1196,,,1,55,,4651,1196,,,1,15,,4652,1196,,,1,15,,4653,1196,,,1,15,,4654,1196,,,1,55,,4655,1196,,,1,15,,4656,1196,,,1,15,,4657,1196,,,1,15,,4658,1196,,,1,55,,4659,1196,,,1,15,,4660,1143,,,1,15,,4661,1143,,,1,15,,4662,1143,,,1,55,,4663,1143,,,1,15,,4664,1143,,,1,15,,4665,1143,,,1,15,,4666,1143,,,1,55,,4667,1143,,,1,16,,4668,1203,,,1,15,,4669,1203,,,1,15,,4670,1203,,,1,55,,4671,1203,,,1,15,,4672,1203,,,1,15,,4673,1203,,,1,15,,4674,1203,,,1,55,,4675,1203,,,1,15,,4676,1203,,,1,14,,4677,1196,,,1,15,,4678,1196,,,1,55,,4679,1196,,,1,16,,4680,1196,,,1,16,,4681,1196,,,1,15,,4682,1196,,,1,55,,4683,1196,,,1,16,,4684,1196,,,1,16,,4685,1196,,,1,55,,4686,1143,,,1,16,,4687,1143,,,1,16,,4688,1143,,,1,15,,4689,1143,,,1,55,,4690,1143,,,1,15,,4691,1143,,,1,12,,4692,970,,,1,20,,4693,970,,,1,10,,4694,970,,,1,55,,4695,970,,,1,30,,4696,970,,,1,70,,4697,970,,,1,30,,4698,970,,,1,70,,4699,970,,,1,30,,4700,970,,,1,70,,4701,970,,,1,99,,4702,917,,,1
1001,'3',834,,5793,1030,,,1,70,,5794,1030,,,1,30,,5795,1030,,,1,70,,5796,1030,,,1,30,,5797,1030,,,1,70,,5798,1030,,,1,31,,5799,1090,,,1,70,,5800,1090,,,1,30,,5801,1090,,,1,70,,5802,1090,,,1,30,,5803,1090,,,1,70,,5804,1090,,,1,30,,5805,1090,,,1,70,,5806,1090,,,1,29,,5807,1030,,,1,70,,5808,1030,,,1,30,,5809,1030,,,1,70,,5810,1030,,,1,30,,5811,1030,,,1,70,,5812,1030,,,1,30,,5813,1030,,,1,70,,5814,1030,,,1,31,,5815,1030,,,1
1001,'4',834,,5816,1030,,,1,70,,5817,1030,,,1,30,,5818,1030,,,1,70,,5819,1030,,,1,30,,5820,1030,,,1,70,,5821,1030,,,1,31,,5822,1090,,,1,70,,5823,1090,,,1,30,,5824,1090,,,1,70,,5825,1090,,,1,30,,5826,1090,,,1,70,,5827,1090,,,1,30,,5828,1090,,,1,70,,5829,1090,,,1,29,,5830,1030,,,1,70,,5831,1030,,,1,30,,5832,1030,,,1,70,,5833,1030,,,1,30,,5834,1030,,,1,70,,5835,1030,,,1,30,,5836,1030,,,1,70,,5837,1030,,,1,31,,5838,1030,,,1
2001,'2',603,,4864,179,,,1,15,,4865,179,,,1,15,,4866,179,,,1,15,,4867,179,,,1,55,,4868,179,,,1,15,,4869,179,,,1,15,,4870,179,,,1,15,,4871,179,,,1,55,,4872,179,,,1,15,,4873,179,,,1,15,,4874,179,,,1,15,,4875,179,,,1,55,,4876,179,,,1,15,,4877,179,,,1,15,,4878,179,,,1,15,,4879,179,,,1,55,,4880,179,,,1,15,,4881,179,,,1,15,,4882,179,,,1,15,,4883,179,,,1,55,,4884,179,,,1,15,,4885,179,,,1,15,,4886,179,,,1,15,,4887,179,,,1,56,,4888,223,,,1,15,,4889,223,,,1,15,,4890,223,,,1,15,,4891,223,,,1,55,,4892,223,,,1,15,,4893,223,,,1,15,,4894,223,,,1,15,,4895,223,,,1,55,,4896,223,,,1,15,,4897,223,,,1,15,,4898,223,,,1,15,,4899,223,,,1,55,,4900,223,,,1,15,,4901,223,,,1,16,,4902,223,,,1,16,,4903,223,,,1,55,,4904,223,,,1,15,,4905,223,,,1,16,,4906,223,,,1,16,,4907,223,,,1,55,,4908,223,,,1,15,,4909,223,,,1,16,,4910,223,,,1,16,,4911,223,,,1,54,,4912,179,,,1,15,,4913,179,,,1,15,,4914,179,,,1,70,,4915,179,,,1,30,,4916,179,,,1,70,,4917,179,,,1,30,,4918,179,,,1,70,,4919,179,,,1,30,,4920,179,,,1,70,,4921,179,,,1,100,,4922,179,,,1
2001,'3',809,,5933,179,,,1,30,,5934,179,,,1,70,,5935,179,,,1,30,,5936,179,,,1,70,,5937,179,,,1,30,,5938,179,,,1,70,,5939,179,,,1,30,,5940,179,,,1,70,,5941,179,,,1,30,,5942,179,,,1,70,,5943,179,,,1,30,,5944,179,,,1,70,,5945,179,,,1,30,,5946,179,,,1,70,,5947,179,,,1,30,,5948,179,,,1,70,,5949,179,,,1,30,,5950,179,,,1,70,,5951,179,,,1,30,,5952,179,,,1,70,,5953,179,,,1,30,,5954,179,,,1,70,,5955,179,,,1
2001,'4',809,,5956,179,,,1,30,,5957,179,,,1,70,,5958,179,,,1,30,,5959,179,,,1,70,,5960,179,,,1,30,,5961,179,,,1,70,,5962,179,,,1,30,,5963,179,,,1,70,,5964,179,,,1,30,,5965,179,,,1,70,,5966,179,,,1,30,,5967,179,,,1,70,,5968,179,,,1,30,,5969,179,,,1,70,,5970,179,,,1,30,,5971,179,,,1,70,,5972,179,,,1,30,,5973,179,,,1,70,,5974,179,,,1,30,,5975,179,,,1,70,,5976,179,,,1,30,,5977,179,,,1,70,,5978,179,,,1
5501,'2',552,,5562,179,,,1,70,,5563,179,,,1,30,,5564,179,,,1,70,,5565,179,,,1,30,,5566,179,,,1,70,,5567,179,,,1,30,,5568,179,,,1,70,,5569,179,,,1,30,,5570,179,,,1,71,,5571,223,,,1,30,,5572,223,,,1,70,,5573,223,,,1,30,,5574,223,,,1,69,,5575,179,,,1,30,,5576,179,,,1,70,,5577,179,,,1,30,,5578,179,,,1,70,,5579,179,,,1,30,,5580,179,,,1,71,,5581,179,,,1,30,,5582,179,,,1,70,,5583,179,,,1,31,,5584,223,,,1,70,,5585,223,,,1,30,,5586,223,,,1,69,,5587,179,,,1,30,,5588,179,,,1,70,,5589,179,,,1,30,,5590,179,,,1,70,,5591,179,,,1,30,,5592,179,,,1,70,,5593,179,,,1,30,,5594,179,,,1
5501,'3',828,,6397,179,,,1,100,,6398,179,,,1,100,,6399,179,,,1,100,,6400,179,,,1,100,,6401,179,,,1,100,,6402,179,,,1,100,,6403,179,,,1,100,,6404,179,,,1,100,,6405,179,,,1,100,,6406,179,,,1,100,,6407,179,,,1,100,,6408,179,,,1
5501,'4',828,,6409,179,,,1,100,,6410,179,,,1,100,,6411,179,,,1,100,,6412,179,,,1,100,,6413,179,,,1,100,,6414,179,,,1,100,,6415,179,,,1,100,,6416,179,,,1,100,,6417,179,,,1,100,,6418,179,,,1,100,,6419,179,,,1,100,,6420,179,,,1
