1000,'2',603,,4562,226,0,9 14 15 16,1,15,,4563,226,0,9 14 15 16,1,15,,4564,226,0,9 14 15 16,1,15,,4565,226,0,9 14 15 16,1,55,,4566,226,0,9 14 15 16,1,15,,4567,226,0,9 14 15 16,1,16,,4568,298,0,9 14 15 16,1,15,,4569,298,0,9 14 15 16,1,55,,4570,298,0,9 14 15 16,1,15,,4571,298,0,9 14 15 16,1,15,,4572,298,0,9 14 15 16,1,15,,4573,298,0,9 14 15 16,1,55,,4574,298,0,9 14 15 16,1,15,,4575,298,0,9 14 15 16,1,15,,4576,298,0,9 14 15 16,1,15,,4577,298,0,9 14 15 16,1,55,,4578,286,0,9 14 15 16,1,15,,4579,286,0,9 14 15 16,1,15,,4580,286,0,9 14 15 16,1,15,,4581,286,0,9 14 15 16,1,55,,4582,286,0,9 14 15 16,1,15,,4583,286,0,9 14 15 16,1,15,,4584,286,0,9 14 15 16,1,15,,4585,286,0,9 14 15 16,1,55,,4586,286,0,9 14 15 16,1,15,,4587,298,0,9 14 15 16,1,15,,4588,298,0,9 14 15 16,1,15,,4589,298,0,9 14 15 16,1,55,,4590,298,0,9 14 15 16,1,15,,4591,298,0,9 14 15 16,1,15,,4592,298,0,9 14 15 16,1,15,,4593,298,0,9 14 15 16,1,55,,4594,298,0,9 14 15 16,1,15,,4595,298,0,9 14 15 16,1,16,,4596,310,0,9 14 15 16,1,15,,353,310,0,9 14 15 16,1,55,,4597,310,0,9 14 15 16,1,16,,4598,310,0,9 14 15 16,1,16,,4599,310,0,9 14 15 16,1,15,,4600,310,0,9 14 15 16,1,56,,4601,310,0,9 14 15 16,1,16,,4602,310,0,9 14 15 16,1,15,,4603,310,0,9 14 15 16,1,15,,4604,310,0,9 14 15 16,1,55,,4605,310,0,9 14 15 16,1,15,,4606,310,0,9 14 15 16,1,16,,4607,310,0,9 14 15 16,1,15,,4608,310,0,9 14 15 16,1,54,,4609,298,0,9 14 15 16,1,16,,4610,298,0,9 14 15 16,1,15,,4611,298,0,9 14 15 16,1,15,,4612,298,0,9 14 15 16,1,55,,4613,298,0,9 14 15 16,1,30,,4614,298,0,9 14 15 16,1,69,,4615,226,0,9 14 15 16,1,30,,4616,226,0,9 14 15 16,1,70,,4617,226,0,9 14 15 16,1,30,,4618,226,0,9 14 15 16,1,70,,4619,214,0,9 14 15 16,1,100,,4620,214,0,9 14 15 16,1
1000,'3',802,,5747,226,0,9 14 15 16,1,30,,5748,226,0,9 14 15 16,1,70,,5749,226,0,9 14 15 16,1,30,,5750,226,0,9 14 15 16,1,70,,5751,226,0,9 14 15 16,1,30,,5752,226,0,9 14 15 16,1,70,,5753,226,0,9 14 15 16,1,31,,5754,298,0,9 14 15 16,1,70,,5755,298,0,9 14 15 16,1,30,,5756,298,0,9 14 15 16,1,70,,5757,298,0,9 14 15 16,1,30,,5758,298,0,9 14 15 16,1,70,,5759,298,0,9 14 15 16,1,30,,5760,298,0,9 14 15 16,1,70,,5761,298,0,9 14 15 16,1,30,,5762,298,0,9 14 15 16,1,70,,5763,298,0,9 14 15 16,1,30,,5764,298,0,9 14 15 16,1,70,,5765,298,0,9 14 15 16,1,30,,5766,298,0,9 14 15 16,1,70,,5767,298,0,9 14 15 16,1,30,,5768,298,0,9 14 15 16,1,100,,5769,298,0,9 14 15 16,1
1000,'4',802,,5770,226,0,9 14 15 16,1,30,,5771,226,0,9 14 15 16,1,70,,5772,226,0,9 14 15 16,1,30,,5773,226,0,9 14 15 16,1,70,,5774,226,0,9 14 15 16,1,30,,5775,226,0,9 14 15 16,1,70,,5776,226,0,9 14 15 16,1,31,,5777,298,0,9 14 15 16,1,70,,5778,298,0,9 14 15 16,1,30,,5779,298,0,9 14 15 16,1,70,,5780,298,0,9 14 15 16,1,30,,5781,298,0,9 14 15 16,1,70,,5782,298,0,9 14 15 16,1,30,,5783,298,0,9 14 15 16,1,70,,5784,298,0,9 14 15 16,1,30,,5785,298,0,9 14 15 16,1,70,,5786,298,0,9 14 15 16,1,30,,5787,298,0,9 14 15 16,1,70,,5788,298,0,9 14 15 16,1,30,,5789,298,0,9 14 15 16,1,70,,5790,298,0,9 14 15 16,1,30,,5791,298,0,9 14 15 16,1,100,,5792,298,0,9 14 15 16,1
3001,'2',618,,5151,1245,,,1,15,,5152,1245,,,1,15,,5153,1245,,,1,55,,5154,1245,,,1,15,,5155,1245,,,1,15,,5156,1245,,,1,15,,5157,1245,,,1,58,,5158,1419,,,1,15,,5159,1419,,,1,15,,5160,1419,,,1,15,,5161,1419,,,1,55,,5162,1419,,,1,15,,5163,1419,,,1,15,,5164,1419,,,1,15,,5165,1419,,,1,55,,5166,1419,,,1,16,,5167,1479,,,1,15,,5168,1479,,,1,15,,5169,1479,,,1,55,,5170,1479,,,1,15,,5171,1479,,,1,15,,5172,1479,,,1,15,,5173,1479,,,1,55,,5174,1479,,,1,15,,5175,1479,,,1,15,,5176,1479,,,1,15,,5177,1479,,,1,55,,5178,1479,,,1,15,,5179,1479,,,1,15,,5180,1479,,,1,15,,5181,1479,,,1,55,,5182,1479,,,1,15,,5183,1479,,,1,15,,5184,1479,,,1,17,,5185,1533,,,1,56,,5186,1533,,,1,16,,5187,1533,,,1,15,,5188,1533,,,1,16,,5189,1533,,,1,56,,5190,1533,,,1,15,,5191,1533,,,1,15,,5192,1533,,,1,14,,5193,1485,,,1,56,,5194,1485,,,1,16,,5195,1485,,,1,15,,5196,1485,,,1,15,,5197,1485,,,1,56,,5198,1485,,,1,14,,5199,1365,,,1,15,,5200,1365,,,1,12,,3065,1365,,,1,70,,5201,1365,,,1,30,,5202,1365,,,1,69,,5203,1305,,,1,30,,5204,1305,,,1,70,,5205,1305,,,1,30,,5206,1305,,,1,69,,5207,1252,,,1,100,,5208,1252,,,1
3001,'3',850,,6115,1359,,,1,70,,6116,1359,,,1,30,,6117,1359,,,1,70,,6118,1359,,,1,30,,6119,1359,,,1,70,,6120,1359,,,1,31,,6121,1419,,,1,70,,6122,1419,,,1,30,,6123,1419,,,1,70,,6124,1419,,,1,30,,6125,1419,,,1,70,,6126,1419,,,1,30,,6127,1419,,,1,70,,6128,1419,,,1,30,,6129,1419,,,1,70,,6130,1419,,,1,30,,6131,1419,,,1,70,,6132,1419,,,1,30,,6133,1419,,,1,70,,6134,1419,,,1,30,,6135,1419,,,1,70,,6136,1419,,,1,30,,6137,1419,,,1
3001,'4',850,,6138,1359,,,1,70,,6139,1359,,,1,30,,6140,1359,,,1,70,,6141,1359,,,1,30,,6142,1359,,,1,70,,6143,1359,,,1,31,,6144,1419,,,1,70,,6145,1419,,,1,30,,6146,1419,,,1,70,,6147,1419,,,1,30,,6148,1419,,,1,70,,6149,1419,,,1,30,,6150,1419,,,1,70,,6151,1419,,,1,30,,6152,1419,,,1,70,,6153,1419,,,1,30,,6154,1419,,,1,70,,6155,1419,,,1,30,,6156,1419,,,1,70,,6157,1419,,,1,30,,6158,1419,,,1,70,,6159,1419,,,1,30,,6160,1419,,,1
4001,'2',603,,5379,229,0,9 5,1,30,,5380,229,0,9 5,1,70,,5381,229,0,9 5,1,30,,5382,229,0,9 5,1,70,,5383,229,0,9 5,1,30,,5384,229,0,9 5,1,70,,5385,229,0,9 5,1,30,,5386,229,0,9 5,1,70,,5387,229,0,9 5,1,30,,5388,229,0,9 5,1,70,,5389,229,0,9 5,1,30,,5390,229,0,9 5,1,70,,5391,229,0,9 5,1,31,,5392,289,0,9 5,1,70,,5393,289,0,9 5,1,30,,5394,289,0,9 5,1,70,,5395,289,0,9 5,1,31,,5396,301,0,9 5,1,70,,5397,301,0,9 5,1,30,,5398,301,0,9 5,1,70,,5399,301,0,9 5,1,30,,5400,301,0,9 5,1,70,,5401,301,0,9 5,1,30,,5402,301,0,9 5,1,70,,5403,301,0,9 5,1,28,,5404,229,0,9 5,1,485,,5405,229,0,9 5,1
4001,'3',729,,6277,229,0,9 5,1,100,,6278,229,0,9 5,1,100,,6279,229,0,9 5,1,100,,6280,229,0,9 5,1,102,,6281,301,0,9 5,1,100,,6282,301,0,9 5,1,100,,6283,301,0,9 5,1,100,,6284,301,0,9 5,1,99,,6285,277,0,9 5,1,100,,6286,277,0,9 5,1,100,,6287,277,0,9 5,1,100,,6288,277,0,9 5,1,100,,6289,277,0,9 5,1
4001,'4',729,,6290,229,0,9 5,1,100,,6291,229,0,9 5,1,100,,6292,229,0,9 5,1,100,,6293,229,0,9 5,1,102,,6294,301,0,9 5,1,100,,6295,301,0,9 5,1,100,,6296,301,0,9 5,1,100,,6297,301,0,9 5,1,99,,6298,277,0,9 5,1,100,,6299,277,0,9 5,1,100,,6300,277,0,9 5,1,100,,6301,277,0,9 5,1,100,,6302,277,0,9 5,1
6500,'2',618,,5607,229,,,1,30,,5608,229,,,1,70,,5609,229,,,1,31,,5610,241,,,1,70,,5611,241,,,1,30,,5612,241,,,1,70,,5613,241,,,1,30,,5614,241,,,1,69,,5615,229,,,1,30,,5616,229,,,1,70,,5617,229,,,1,30,,5618,229,,,1,71,,5619,229,,,1,30,,5620,229,,,1,71,,5621,229,,,1,29,,5622,229,,,1,71,,5623,229,,,1,30,,5624,301,,,1,70,,5625,301,,,1,30,,5626,301,,,1,70,,5627,301,,,1,30,,5628,301,,,1,70,,5629,301,,,1,30,,5630,301,,,1,68,,5631,229,,,1,30,,5632,229,,,1,70,,5633,229,,,1,30,,5634,229,,,1,70,,5635,229,,,1,30,,5636,229,,,1,70,,5637,229,,,1,30,,5638,229,,,1,70,,5639,229,,,1,30,,5640,229,,,1
6500,'3',801,,6421,229,,,1,100,,6422,229,,,1,100,,6423,229,,,1,100,,6424,229,,,1,101,,6425,241,,,1,100,,6426,241,,,1,100,,6427,241,,,1,100,,6428,241,,,1,100,,6429,241,,,1,100,,6430,241,,,1,100,,6431,241,,,1,100,,6432,241,,,1
6500,'4',801,,6433,229,,,1,100,,6434,229,,,1,100,,6435,229,,,1,100,,6436,229,,,1,101,,6437,241,,,1,100,,6438,241,,,1,100,,6439,241,,,1,100,,6440,241,,,1,100,,6441,241,,,1,100,,6442,241,,,1,100,,6443,241,,,1,100,,6444,241,,,1
8500,'2',550,,5697,215,0,9 21 22 23,1,100,,5698,215,0,9 21 22 23,1,100,,3196,215,0,9 21 22 23,1,100,,5699,215,0,9 21 22 23,1,100,,5700,215,0,9 21 22 23,1,100,,5701,215,0,9 21 22 23,1,100,,5702,215,0,9 21 22 23,1,100,,5703,215,0,9 21 22 23,1,100,,5704,215,0,9 21 22 23,1,102,,5705,303,0,9 21 22 23,1,102,,5706,303,0,9 21 22 23,1,100,,5707,243,0,9 21 22 23,1,101,,5708,243,0,9 21 22 23,1,100,,5709,215,0,9 21 22 23,1,101,,5710,215,0,9 21 22 23,1,101,,5711,215,0,9 21 22 23,1,101,,5712,215,0,9 21 22 23,1,101,,5713,215,0,9 21 22 23,1
8500,'3',811,,6469,215,0,9 21 22 23,1,100,,6470,215,0,9 21 22 23,1,100,,6471,215,0,9 21 22 23,1,100,,6472,215,0,9 21 22 23,1,100,,6473,215,0,9 21 22 23,1,100,,6474,215,0,9 21 22 23,1,100,,6475,215,0,9 21 22 23,1,100,,6476,229,0,9 21 22 23,1,100,,6477,229,0,9 21 22 23,1,100,,6478,229,0,9 21 22 23,1,100,,6479,229,0,9 21 22 23,1,100,,6480,229,0,9 21 22 23,1
8500,'4',811,,6481,215,0,9 21 22 23,1,100,,6482,215,0,9 21 22 23,1,100,,6483,215,0,9 21 22 23,1,100,,6484,215,0,9 21 22 23,1,100,,6485,215,0,9 21 22 23,1,100,,6486,215,0,9 21 22 23,1,100,,6487,215,0,9 21 22 23,1,100,,6488,229,0,9 21 22 23,1,100,,6489,229,0,9 21 22 23,1,100,,6490,229,0,9 21 22 23,1,100,,6491,229,0,9 21 22 23,1,100,,6492,229,0,9 21 22 23,1
