1000,'2',600,,4562,0,,,1,15,,4563,0,,,1,15,,4564,0,,,1,15,,4565,0,,,1,55,,4566,0,,,1,15,,4567,0,,,1,15,,4568,0,,,1,15,,4569,0,,,1,55,,4570,0,,,1,15,,4571,0,,,1,15,,4572,0,,,1,15,,4573,0,,,1,55,,4574,0,,,1,15,,4575,0,,,1,15,,4576,0,,,1,15,,4577,0,,,1,55,,4578,0,,,1,15,,4579,0,,,1,15,,4580,0,,,1,15,,4581,0,,,1,55,,4582,0,,,1,15,,4583,0,,,1,15,,4584,0,,,1,15,,4585,0,,,1,55,,4586,0,,,1,15,,4587,0,,,1,15,,4588,0,,,1,15,,4589,0,,,1,55,,4590,0,,,1,15,,4591,0,,,1,15,,4592,0,,,1,15,,4593,0,,,1,55,,4594,0,,,1,15,,4595,0,,,1,15,,4596,0,,,1,15,,353,0,,,1,55,,4597,0,,,1,16,,4598,0,,,1,16,,4599,0,,,1,15,,4600,0,,,1,56,,4601,0,,,1,16,,4602,0,,,1,15,,4603,0,,,1,15,,4604,0,,,1,55,,4605,0,,,1,15,,4606,0,,,1,16,,4607,0,,,1,15,,4608,0,,,1,55,,4609,0,,,1,16,,4610,0,,,1,15,,4611,0,,,1,15,,4612,0,,,1,55,,4613,0,,,1,30,,4614,0,,,1,70,,4615,0,,,1,30,,4616,0,,,1,70,,4617,0,,,1,30,,4618,0,,,1,70,,4619,0,,,1,100,,4620,0,,,1
1000,'3',759,,5747,0,,,1,70,,5748,0,,,1,30,,5749,0,,,1,70,,5750,0,,,1,30,,5751,0,,,1,70,,5752,0,,,1,30,,5753,0,,,1,70,,5754,0,,,1,30,,5755,0,,,1,70,,5756,0,,,1,30,,5757,0,,,1,70,,5758,0,,,1,30,,5759,0,,,1,70,,5760,0,,,1,30,,5761,0,,,1,70,,5762,0,,,1,30,,5763,0,,,1,70,,5764,0,,,1,30,,5765,0,,,1,70,,5766,0,,,1,30,,5767,0,,,1,70,,5768,0,,,1,100,,5769,0,,,1
1000,'4',759,,5770,0,,,1,70,,5771,0,,,1,30,,5772,0,,,1,70,,5773,0,,,1,30,,5774,0,,,1,70,,5775,0,,,1,30,,5776,0,,,1,70,,5777,0,,,1,30,,5778,0,,,1,70,,5779,0,,,1,30,,5780,0,,,1,70,,5781,0,,,1,30,,5782,0,,,1,70,,5783,0,,,1,30,,5784,0,,,1,70,,5785,0,,,1,30,,5786,0,,,1,70,,5787,0,,,1,30,,5788,0,,,1,70,,5789,0,,,1,30,,5790,0,,,1,70,,5791,0,,,1,100,,5792,0,,,1
1001,'2',644,,4644,2220,4,,1,15,,4645,2220,4,,1,55,,4646,2220,4,,1,15,,4647,2220,4,,1,15,,4648,2220,4,,1,15,,4649,2220,4,,1,60,,4650,2520,4,,1,15,,4651,2520,4,,1,15,,4652,2520,4,,1,55,,4653,2520,4,,1,15,,4654,2520,4,,1,15,,4655,2520,4,,1,15,,4656,2520,4,,1,55,,4657,2520,4,,1,15,,4658,2520,4,,1,15,,4659,2520,4,,1,15,,4660,2520,4,,1,55,,4661,2520,4,,1,15,,4662,2520,4,,1,15,,4663,2520,4,,1,15,,4664,2520,4,,1,55,,4665,2520,4,,1,15,,4666,2520,4,,1,15,,4667,2520,4,,1,16,,4668,2580,4,,1,55,,4669,2580,4,,1,15,,4670,2580,4,,1,15,,4671,2580,4,,1,15,,4672,2580,4,,1,55,,4673,2580,4,,1,15,,4674,2580,4,,1,15,,4675,2580,4,,1,15,,4676,2580,4,,1,57,,4677,2700,4,,1,15,,4678,2700,4,,1,15,,4679,2700,4,,1,16,,4680,2700,4,,1,56,,4681,2700,4,,1,15,,4682,2700,4,,1,15,,4683,2700,4,,1,16,,4684,2700,4,,1,56,,4685,2700,4,,1,14,,4686,2640,4,,1,16,,4687,2640,4,,1,16,,4688,2640,4,,1,55,,4689,2640,4,,1,15,,4690,2640,4,,1,15,,4691,2640,4,,1,7,,4692,2160,4,,1,60,,4693,2160,4,,1,10,,4694,2160,4,,1,15,,4695,2160,4,,1,70,,4696,2160,4,,1,30,,4697,2160,4,,1,70,,4698,2160,4,,1,30,,4699,2160,4,,1,70,,4700,2160,4,,1,30,,4701,2160,4,,1,97,,4702,1980,4,,1
1001,'3',855,,5793,2280,4,,1,70,,5794,2280,4,,1,30,,5795,2280,4,,1,70,,5796,2280,4,,1,30,,5797,2280,4,,1,70,,5798,2280,4,,1,33,,5799,2460,4,,1,70,,5800,2460,4,,1,30,,5801,2460,4,,1,70,,5802,2460,4,,1,30,,5803,2460,4,,1,70,,5804,2460,4,,1,30,,5805,2460,4,,1,70,,5806,2460,4,,1,29,,5807,2400,4,,1,70,,5808,2400,4,,1,30,,5809,2400,4,,1,70,,5810,2400,4,,1,30,,5811,2400,4,,1,70,,5812,2400,4,,1,30,,5813,2400,4,,1,70,,5814,2400,4,,1,31,,5815,2400,4,,1
1001,'4',855,,5816,2280,4,,1,70,,5817,2280,4,,1,30,,5818,2280,4,,1,70,,5819,2280,4,,1,30,,5820,2280,4,,1,70,,5821,2280,4,,1,33,,5822,2460,4,,1,70,,5823,2460,4,,1,30,,5824,2460,4,,1,70,,5825,2460,4,,1,30,,5826,2460,4,,1,70,,5827,2460,4,,1,30,,5828,2460,4,,1,70,,5829,2460,4,,1,29,,5830,2400,4,,1,70,,5831,2400,4,,1,30,,5832,2400,4,,1,70,,5833,2400,4,,1,30,,5834,2400,4,,1,70,,5835,2400,4,,1,30,,5836,2400,4,,1,70,,5837,2400,4,,1,31,,5838,2400,4,,1
1100,'2',627,,4715,0,,,1,100,,4716,0,,,1,100,,4717,0,,,1,100,,4718,0,,,1,100,,4719,0,,,1,100,,4720,0,,,1,100,,4721,0,,,1,100,,4722,0,,,1,100,,4723,0,,,1,100,,4724,0,,,1,100,,4725,0,,,1,100,,4726,0,,,1,101,,4727,0,,,1,99,,4728,0,,,1,100,,4729,0,,,1,100,,4730,0,,,1
1100,'3',810,,5839,0,,,1,100,,5840,0,,,1,100,,5841,0,,,1,100,,5842,0,,,1,100,,5843,0,,,1,100,,5844,0,,,1,100,,5845,0,,,1,100,,5846,0,,,1,100,,5847,0,,,1,100,,5848,0,,,1,100,,5849,0,,,1,100,,5850,0,,,1
1100,'4',810,,5851,0,,,1,100,,5852,0,,,1,100,,5853,0,,,1,100,,5854,0,,,1,100,,5855,0,,,1,100,,5856,0,,,1,100,,5857,0,,,1,100,,5858,0,,,1,100,,5859,0,,,1,100,,5860,0,,,1,100,,5861,0,,,1,100,,5862,0,,,1
1101,'2',730,,4743,1560,4,,1,103,,4744,1740,4,,1,100,,4745,1740,4,,1,99,,4746,1680,4,,1,100,,4747,1680,4,,1,100,,4748,1680,4,,1,100,,4749,1680,4,,1,100,,4750,1680,4,,1,100,,4751,1680,4,,1,100,,4752,1680,4,,1,100,,4753,1680,4,,1,99,,4754,1620,4,,1,100,,4755,1620,4,,1,99,,4756,1560,4,,1,100,,4757,1560,4,,1,98,,4758,1440,4,,1
1101,'3',904,,5863,1380,4,,1,100,,5864,1380,4,,1,100,,5865,1380,4,,1,103,,5866,1560,4,,1,100,,5867,1560,4,,1,100,,5868,1560,4,,1,100,,5869,1560,4,,1,98,,5870,1440,4,,1,100,,5871,1440,4,,1,100,,5872,1440,4,,1,100,,5873,1440,4,,1,100,,5874,1440,4,,1
1101,'4',904,,5875,1380,4,,1,100,,5876,1380,4,,1,100,,5877,1380,4,,1,103,,5878,1560,4,,1,100,,5879,1560,4,,1,100,,5880,1560,4,,1,100,,5881,1560,4,,1,98,,5882,1440,4,,1,100,,5883,1440,4,,1,100,,5884,1440,4,,1,100,,5885,1440,4,,1,100,,5886,1440,4,,1
2000,'2',553,,4782,0,,,1,55,,4783,0,,,1,15,,4784,0,,,1,15,,4785,0,,,1,15,,4786,0,,,1,55,,4787,0,,,1,15,,4788,0,,,1,15,,4789,0,,,1,15,,4790,0,,,1,55,,4791,0,,,1,15,,4792,0,,,1,15,,4793,0,,,1,15,,4794,0,,,1,55,,4795,0,,,1,15,,4796,0,,,1,15,,4797,0,,,1,15,,4798,0,,,1,55,,4799,0,,,1,15,,4800,0,,,1,15,,4801,0,,,1,15,,4802,0,,,1,55,,4803,0,,,1,15,,4804,0,,,1,15,,4805,0,,,1,15,,4806,0,,,1,55,,4807,0,,,1,15,,4808,0,,,1,15,,4809,0,,,1,16,,4810,0,,,1,55,,4811,0,,,1,15,,4812,0,,,1,15,,4813,0,,,1,15,,4814,0,,,1,55,,4815,0,,,1,15,,4816,0,,,1,15,,4817,0,,,1,16,,4818,0,,,1,56,,4819,0,,,1,15,,4820,0,,,1,15,,4821,0,,,1,16,,4822,0,,,1,56,,2215,0,,,1,15,,4823,0,,,1,15,,4824,0,,,1,16,,4825,0,,,1,56,,4826,0,,,1,15,,4827,0,,,1,15,,4828,0,,,1,56,,4829,0,,,1,15,,4830,0,,,1,15,,4831,0,,,1,15,,4832,0,,,1,70,,4833,0,,,1,30,,4834,0,,,1,70,,4835,0,,,1,30,,4836,0,,,1,70,,4837,0,,,1,30,,4838,0,,,1,70,,4839,0,,,1,97,,4840,0,,,1
2000,'3',802,,5887,0,,,1,30,,5888,0,,,1,70,,5889,0,,,1,30,,5890,0,,,1,70,,5891,0,,,1,30,,5892,0,,,1,70,,5893,0,,,1,30,,5894,0,,,1,70,,5895,0,,,1,30,,5896,0,,,1,70,,5897,0,,,1,30,,5898,0,,,1,70,,5899,0,,,1,30,,5900,0,,,1,70,,5901,0,,,1,30,,5902,0,,,1,70,,5903,0,,,1,30,,5904,0,,,1,70,,5905,0,,,1,30,,5906,0,,,1,70,,5907,0,,,1,30,,5908,0,,,1,71,,5909,0,,,1
2000,'4',802,,5910,0,,,1,30,,5911,0,,,1,70,,5912,0,,,1,30,,5913,0,,,1,70,,5914,0,,,1,30,,5915,0,,,1,70,,5916,0,,,1,30,,5917,0,,,1,70,,5918,0,,,1,30,,5919,0,,,1,70,,5920,0,,,1,30,,5921,0,,,1,70,,5922,0,,,1,30,,5923,0,,,1,70,,5924,0,,,1,30,,5925,0,,,1,70,,5926,0,,,1,30,,5927,0,,,1,70,,5928,0,,,1,30,,5929,0,,,1,70,,5930,0,,,1,30,,5931,0,,,1,71,,5932,0,,,1
2001,'2',632,,4864,1860,4,,1,15,,4865,1860,4,,1,55,,4866,1860,4,,1,15,,4867,1860,4,,1,15,,4868,1860,4,,1,15,,4869,1860,4,,1,56,,4870,1920,4,,1,15,,4871,1920,4,,1,15,,4872,1920,4,,1,15,,4873,1920,4,,1,55,,4874,1920,4,,1,15,,4875,1920,4,,1,15,,4876,1920,4,,1,15,,4877,1920,4,,1,55,,4878,1920,4,,1,15,,4879,1920,4,,1,15,,4880,1920,4,,1,15,,4881,1920,4,,1,55,,4882,1920,4,,1,15,,4883,1920,4,,1,15,,4884,1920,4,,1,15,,4885,1920,4,,1,55,,4886,1920,4,,1,15,,4887,1920,4,,1,18,,4888,2100,4,,1,15,,4889,2100,4,,1,55,,4890,2100,4,,1,15,,4891,2100,4,,1,15,,4892,2100,4,,1,15,,4893,2100,4,,1,55,,4894,2100,4,,1,15,,4895,2100,4,,1,15,,4896,2100,4,,1,15,,4897,2100,4,,1,57,,4898,2220,4,,1,15,,4899,2220,4,,1,15,,4900,2220,4,,1,15,,4901,2220,4,,1,56,,4902,2220,4,,1,16,,4903,2220,4,,1,15,,4904,2220,4,,1,15,,4905,2220,4,,1,56,,4906,2220,4,,1,16,,4907,2220,4,,1,15,,4908,2220,4,,1,15,,4909,2220,4,,1,56,,4910,2220,4,,1,16,,4911,2220,4,,1,9,,4912,1860,4,,1,15,,4913,1860,4,,1,55,,4914,1860,4,,1,30,,4915,1860,4,,1,70,,4916,1860,4,,1,29,,4917,1800,4,,1,70,,4918,1800,4,,1,30,,4919,1800,4,,1,70,,4920,1800,4,,1,30,,4921,1800,4,,1,100,,4922,1800,4,,1
2001,'3',839,,5933,1920,4,,1,70,,5934,1920,4,,1,30,,5935,1920,4,,1,70,,5936,1920,4,,1,30,,5937,1920,4,,1,70,,5938,1920,4,,1,31,,5939,1980,4,,1,70,,5940,1980,4,,1,30,,5941,1980,4,,1,70,,5942,1980,4,,1,30,,5943,1980,4,,1,70,,5944,1980,4,,1,30,,5945,1980,4,,1,70,,5946,1980,4,,1,30,,5947,1980,4,,1,70,,5948,1980,4,,1,30,,5949,1980,4,,1,70,,5950,1980,4,,1,30,,5951,1980,4,,1,70,,5952,1980,4,,1,30,,5953,1980,4,,1,70,,5954,1980,4,,1,30,,5955,1980,4,,1
2001,'4',839,,5956,1920,4,,1,70,,5957,1920,4,,1,30,,5958,1920,4,,1,70,,5959,1920,4,,1,30,,5960,1920,4,,1,70,,5961,1920,4,,1,31,,5962,1980,4,,1,70,,5963,1980,4,,1,30,,5964,1980,4,,1,70,,5965,1980,4,,1,30,,5966,1980,4,,1,70,,5967,1980,4,,1,30,,5968,1980,4,,1,70,,5969,1980,4,,1,30,,5970,1980,4,,1,70,,5971,1980,4,,1,30,,5972,1980,4,,1,70,,5973,1980,4,,1,30,,5974,1980,4,,1,70,,5975,1980,4,,1,30,,5976,1980,4,,1,70,,5977,1980,4,,1,30,,5978,1980,4,,1
2500,'2',601,,4945,0,,,1,30,,4946,0,,,1,70,,4947,0,,,1,30,,4948,0,,,1,70,,4949,0,,,1,30,,4950,0,,,1,70,,4951,0,,,1,15,,4952,0,,,1,15,,4953,0,,,1,70,,4954,0,,,1,15,,4955,0,,,1,15,,4956,0,,,1,70,,4957,0,,,1,30,,4958,0,,,1,15,,4959,0,,,1,55,,4960,0,,,1,30,,4961,0,,,1,15,,4962,0,,,1,55,,4963,0,,,1,30,,4964,0,,,1,70,,4965,0,,,1,30,,4966,0,,,1,70,,4967,0,,,1,30,,4968,0,,,1,70,,4969,0,,,1,30,,4970,0,,,1,70,,4971,0,,,1,30,,4972,0,,,1,70,,1191,0,,,1,30,,4973,0,,,1,70,,4974,0,,,1,30,,4975,0,,,1,70,,4976,0,,,1,30,,4977,0,,,1,70,,4978,0,,,1,30,,4979,0,,,1,70,,4980,0,,,1,30,,4981,0,,,1,70,,4982,0,,,1
2500,'3',811,,5979,0,,,1,30,,5980,0,,,1,70,,5981,0,,,1,30,,5982,0,,,1,70,,5983,0,,,1,30,,5984,0,,,1,70,,5985,0,,,1,30,,5986,0,,,1,70,,5987,0,,,1,30,,5988,0,,,1,70,,5989,0,,,1,30,,5990,0,,,1,70,,5991,0,,,1,30,,5992,0,,,1,70,,5993,0,,,1,30,,5994,0,,,1,70,,5995,0,,,1,30,,5996,0,,,1,70,,5997,0,,,1,30,,5998,0,,,1,70,,5999,0,,,1,100,,6000,0,,,1
2500,'4',811,,6001,0,,,1,30,,6002,0,,,1,70,,6003,0,,,1,30,,6004,0,,,1,70,,6005,0,,,1,30,,6006,0,,,1,70,,6007,0,,,1,30,,6008,0,,,1,70,,6009,0,,,1,30,,6010,0,,,1,70,,6011,0,,,1,30,,6012,0,,,1,70,,6013,0,,,1,30,,6014,0,,,1,70,,6015,0,,,1,30,,6016,0,,,1,70,,6017,0,,,1,30,,6018,0,,,1,70,,6019,0,,,1,30,,6020,0,,,1,70,,6021,0,,,1,100,,6022,0,,,1
2501,'2',652,,5005,2760,4,,1,70,,5006,2760,4,,1,30,,5007,2760,4,,1,78,,5008,3240,4,,1,70,,5009,3240,4,,1,30,,5010,3240,4,,1,70,,5011,3240,4,,1,30,,5012,3240,4,,1,71,,5013,3300,4,,1,15,,5014,3300,4,,1,15,,5015,3300,4,,1,70,,5016,3300,4,,1,15,,5017,3300,4,,1,15,,5018,3300,4,,1,75,,5019,3600,4,,1,30,,5020,3600,4,,1,15,,5021,3600,4,,1,55,,5022,3600,4,,1,30,,5023,3600,4,,1,15,,5024,3600,4,,1,55,,5025,3600,4,,1,35,,5026,3900,4,,1,70,,5027,3900,4,,1,30,,5028,3900,4,,1,70,,5029,3900,4,,1,24,,5030,3540,4,,1,70,,5031,3540,4,,1,30,,5032,3540,4,,1,23,,5033,3120,4,,1,70,,5034,3120,4,,1,30,,5035,3120,4,,1,70,,5036,3120,4,,1,23,,5037,2700,4,,1,70,,5038,2700,4,,1,30,,5039,2700,4,,1,70,,5040,2700,4,,1,26,,5041,2460,4,,1,70,,5042,2460,4,,1,30,,5043,2460,4,,1
2501,'3',851,,6023,2820,4,,1,70,,6024,2820,4,,1,30,,6025,2820,4,,1,70,,6026,2820,4,,1,30,,6027,2820,4,,1,70,,6028,2820,4,,1,36,,6029,3180,4,,1,70,,6030,3180,4,,1,30,,6031,3180,4,,1,70,,6032,3180,4,,1,30,,6033,3180,4,,1,70,,6034,3180,4,,1,30,,6035,3180,4,,1,70,,6036,3180,4,,1,28,,6037,3060,4,,1,70,,6038,3060,4,,1,30,,6039,3060,4,,1,70,,6040,3060,4,,1,30,,6041,3060,4,,1,70,,6042,3060,4,,1,30,,6043,3060,4,,1,100,,6044,3060,4,,1
2501,'4',851,,6045,2820,4,,1,70,,6046,2820,4,,1,30,,6047,2820,4,,1,70,,6048,2820,4,,1,30,,6049,2820,4,,1,70,,6050,2820,4,,1,36,,6051,3180,4,,1,70,,6052,3180,4,,1,30,,6053,3180,4,,1,70,,6054,3180,4,,1,30,,6055,3180,4,,1,70,,6056,3180,4,,1,30,,6057,3180,4,,1,70,,6058,3180,4,,1,28,,6059,3060,4,,1,70,,6060,3060,4,,1,30,,6061,3060,4,,1,70,,6062,3060,4,,1,30,,6063,3060,4,,1,70,,6064,3060,4,,1,30,,6065,3060,4,,1,100,,6066,3060,4,,1
3000,'2',554,,5068,0,,,1,55,,5069,0,,,1,15,,5070,0,,,1,15,,5071,0,,,1,15,,5072,0,,,1,55,,5073,0,,,1,15,,5074,0,,,1,15,,5075,0,,,1,15,,5076,0,,,1,55,,5077,0,,,1,15,,5078,0,,,1,15,,5079,0,,,1,15,,5080,0,,,1,55,,5081,0,,,1,15,,5082,0,,,1,15,,5083,0,,,1,15,,5084,0,,,1,55,,5085,0,,,1,15,,5086,0,,,1,15,,5087,0,,,1,15,,5088,0,,,1,55,,5089,0,,,1,15,,5090,0,,,1,15,,5091,0,,,1,15,,5092,0,,,1,55,,5093,0,,,1,15,,5094,0,,,1,16,,5095,0,,,1,15,,5096,0,,,1,55,,5097,0,,,1,15,,5098,0,,,1,15,,5099,0,,,1,15,,5100,0,,,1,55,,5101,0,,,1,15,,5102,0,,,1,15,,5103,0,,,1,16,,5104,0,,,1,56,,5105,0,,,1,15,,5106,0,,,1,15,,5107,0,,,1,15,,5108,0,,,1,56,,5109,0,,,1,16,,5110,0,,,1,15,,5111,0,,,1,15,,5112,0,,,1,56,,5113,0,,,1,16,,5114,0,,,1,15,,5115,0,,,1,55,,5116,0,,,1,16,,5117,0,,,1,16,,5118,0,,,1,15,,5119,0,,,1,63,,5120,0,,,1,30,,5121,0,,,1,70,,5122,0,,,1,30,,5123,0,,,1,70,,5124,0,,,1,30,,5125,0,,,1,70,,5126,0,,,1,100,,5127,0,,,1
3000,'3',752,,6067,0,,,1,70,,6068,0,,,1,30,,6069,0,,,1,70,,6070,0,,,1,30,,6071,0,,,1,70,,6072,0,,,1,30,,6073,0,,,1,70,,6074,0,,,1,30,,6075,0,,,1,70,,6076,0,,,1,30,,6077,0,,,1,70,,6078,0,,,1,30,,6079,0,,,1,70,,6080,0,,,1,30,,6081,0,,,1,70,,6082,0,,,1,30,,6083,0,,,1,70,,6084,0,,,1,30,,6085,0,,,1,70,,6086,0,,,1,30,,6087,0,,,1,70,,6088,0,,,1,30,,6089,0,,,1,70,,6090,0,,,1
3000,'4',752,,6091,0,,,1,70,,6092,0,,,1,30,,6093,0,,,1,70,,6094,0,,,1,30,,6095,0,,,1,70,,6096,0,,,1,30,,6097,0,,,1,70,,6098,0,,,1,30,,6099,0,,,1,70,,6100,0,,,1,30,,6101,0,,,1,70,,6102,0,,,1,30,,6103,0,,,1,70,,6104,0,,,1,30,,6105,0,,,1,70,,6106,0,,,1,30,,6107,0,,,1,70,,6108,0,,,1,30,,6109,0,,,1,70,,6110,0,,,1,30,,6111,0,,,1,70,,6112,0,,,1,30,,6113,0,,,1,70,,6114,0,,,1
3001,'2',620,,5151,1320,4,,1,15,,5152,1320,4,,1,15,,5153,1320,4,,1,55,,5154,1320,4,,1,15,,5155,1320,4,,1,15,,5156,1320,4,,1,15,,5157,1320,4,,1,58,,5158,1500,4,,1,15,,5159,1500,4,,1,15,,5160,1500,4,,1,15,,5161,1500,4,,1,55,,5162,1500,4,,1,15,,5163,1500,4,,1,15,,5164,1500,4,,1,15,,5165,1500,4,,1,55,,5166,1500,4,,1,16,,5167,1560,4,,1,15,,5168,1560,4,,1,15,,5169,1560,4,,1,55,,5170,1560,4,,1,15,,5171,1560,4,,1,15,,5172,1560,4,,1,15,,5173,1560,4,,1,55,,5174,1560,4,,1,15,,5175,1560,4,,1,15,,5176,1560,4,,1,15,,5177,1560,4,,1,55,,5178,1560,4,,1,15,,5179,1560,4,,1,15,,5180,1560,4,,1,15,,5181,1560,4,,1,55,,5182,1560,4,,1,15,,5183,1560,4,,1,15,,5184,1560,4,,1,17,,5185,1620,4,,1,56,,5186,1620,4,,1,16,,5187,1620,4,,1,15,,5188,1620,4,,1,16,,5189,1620,4,,1,56,,5190,1620,4,,1,15,,5191,1620,4,,1,15,,5192,1620,4,,1,14,,5193,1560,4,,1,56,,5194,1560,4,,1,16,,5195,1560,4,,1,15,,5196,1560,4,,1,55,,5197,1560,4,,1,16,,5198,1560,4,,1,14,,5199,1440,4,,1,15,,5200,1440,4,,1,12,,3065,1440,4,,1,70,,5201,1440,4,,1,30,,5202,1440,4,,1,69,,5203,1380,4,,1,30,,5204,1380,4,,1,70,,5205,1380,4,,1,30,,5206,1380,4,,1,69,,5207,1320,4,,1,100,,5208,1320,4,,1
3001,'3',852,,6115,1440,4,,1,70,,6116,1440,4,,1,30,,6117,1440,4,,1,70,,6118,1440,4,,1,30,,6119,1440,4,,1,70,,6120,1440,4,,1,31,,6121,1500,4,,1,70,,6122,1500,4,,1,30,,6123,1500,4,,1,70,,6124,1500,4,,1,30,,6125,1500,4,,1,70,,6126,1500,4,,1,30,,6127,1500,4,,1,70,,6128,1500,4,,1,30,,6129,1500,4,,1,70,,6130,1500,4,,1,30,,6131,1500,4,,1,70,,6132,1500,4,,1,30,,6133,1500,4,,1,70,,6134,1500,4,,1,30,,6135,1500,4,,1,70,,6136,1500,4,,1,30,,6137,1500,4,,1
3001,'4',852,,6138,1440,4,,1,70,,6139,1440,4,,1,30,,6140,1440,4,,1,70,,6141,1440,4,,1,30,,6142,1440,4,,1,70,,6143,1440,4,,1,31,,6144,1500,4,,1,70,,6145,1500,4,,1,30,,6146,1500,4,,1,70,,6147,1500,4,,1,30,,6148,1500,4,,1,70,,6149,1500,4,,1,30,,6150,1500,4,,1,70,,6151,1500,4,,1,30,,6152,1500,4,,1,70,,6153,1500,4,,1,30,,6154,1500,4,,1,70,,6155,1500,4,,1,30,,6156,1500,4,,1,70,,6157,1500,4,,1,30,,6158,1500,4,,1,70,,6159,1500,4,,1,30,,6160,1500,4,,1
3500,'2',612,,5274,0,,,1,30,,5275,0,,,1,70,,5276,0,,,1,30,,5277,0,,,1,70,,5278,0,,,1,30,,5279,0,,,1,70,,5280,0,,,1,30,,5281,0,,,1,70,,5282,0,,,1,30,,5283,0,,,1,70,,5284,0,,,1,30,,5285,0,,,1,70,,5286,0,,,1,30,,5287,0,,,1,70,,5288,0,,,1,30,,5289,0,,,1,70,,5290,0,,,1,30,,5291,0,,,1,70,,5292,0,,,1,30,,5293,0,,,1,70,,5294,0,,,1,30,,5295,0,,,1,70,,5296,0,,,1,30,,5297,0,,,1,70,,5298,0,,,1,30,,5299,0,,,1,70,,5300,0,,,1,30,,5301,0,,,1,70,,5302,0,,,1,30,,5303,0,,,1,70,,5304,0,,,1,30,,5305,0,,,1,70,,5306,0,,,1,30,,5307,0,,,1,70,,5308,0,,,1
3500,'3',803,,6185,0,,,1,30,,6186,0,,,1,70,,6187,0,,,1,30,,6188,0,,,1,70,,6189,0,,,1,30,,6190,0,,,1,70,,6191,0,,,1,30,,6192,0,,,1,70,,6193,0,,,1,30,,6194,0,,,1,70,,6195,0,,,1,30,,6196,0,,,1,70,,6197,0,,,1,30,,6198,0,,,1,70,,6199,0,,,1,30,,6200,0,,,1,70,,6201,0,,,1,30,,6202,0,,,1,70,,6203,0,,,1,30,,6204,0,,,1,70,,6205,0,,,1,30,,6206,0,,,1,70,,6207,0,,,1
3500,'4',803,,6208,0,,,1,30,,6209,0,,,1,70,,6210,0,,,1,30,,6211,0,,,1,70,,6212,0,,,1,30,,6213,0,,,1,70,,6214,0,,,1,30,,6215,0,,,1,70,,6216,0,,,1,30,,6217,0,,,1,70,,6218,0,,,1,30,,6219,0,,,1,70,,6220,0,,,1,30,,6221,0,,,1,70,,6222,0,,,1,30,,6223,0,,,1,70,,6224,0,,,1,30,,6225,0,,,1,70,,6226,0,,,1,30,,6227,0,,,1,70,,6228,0,,,1,30,,6229,0,,,1,70,,6230,0,,,1
3501,'2',618,,5332,1440,4,,1,30,,5333,1440,4,,1,70,,5334,1440,4,,1,30,,5335,1440,4,,1,72,,5336,1560,4,,1,30,,5337,1560,4,,1,70,,5338,1560,4,,1,30,,5339,1560,4,,1,70,,5340,1560,4,,1,30,,5341,1560,4,,1,70,,5342,1560,4,,1,30,,5343,1560,4,,1,70,,5344,1560,4,,1,31,,5345,1620,4,,1,70,,1673,1620,4,,1,30,,5346,1620,4,,1,70,,5347,1620,4,,1,32,,5348,1740,4,,1,70,,5349,1740,4,,1,30,,5350,1740,4,,1,70,,5351,1740,4,,1,30,,5352,1740,4,,1,71,,5353,1800,4,,1,30,,5354,1800,4,,1,70,,5355,1800,4,,1,25,,5356,1500,4,,1,70,,5357,1500,4,,1,30,,5358,1500,4,,1,70,,5359,1500,4,,1,28,,5360,1380,4,,1,70,,5361,1380,4,,1,30,,5362,1380,4,,1,70,,5363,1380,4,,1,30,,5364,1380,4,,1,70,,5365,1380,4,,1
3501,'3',833,,6231,1380,4,,1,70,,6232,1380,4,,1,30,,6233,1380,4,,1,70,,6234,1380,4,,1,30,,6235,1380,4,,1,70,,6236,1380,4,,1,32,,6237,1500,4,,1,70,,6238,1500,4,,1,30,,6239,1500,4,,1,70,,6240,1500,4,,1,30,,6241,1500,4,,1,70,,6242,1500,4,,1,30,,6243,1500,4,,1,70,,6244,1500,4,,1,31,,6245,1560,4,,1,70,,6246,1560,4,,1,30,,6247,1560,4,,1,70,,6248,1560,4,,1,30,,6249,1560,4,,1,70,,6250,1560,4,,1,30,,6251,1560,4,,1,70,,6252,1560,4,,1,30,,6253,1560,4,,1
3501,'4',833,,6254,1380,4,,1,70,,6255,1380,4,,1,30,,6256,1380,4,,1,70,,6257,1380,4,,1,30,,6258,1380,4,,1,70,,6259,1380,4,,1,32,,6260,1500,4,,1,70,,6261,1500,4,,1,30,,6262,1500,4,,1,70,,6263,1500,4,,1,30,,6264,1500,4,,1,70,,6265,1500,4,,1,30,,6266,1500,4,,1,70,,6267,1500,4,,1,31,,6268,1560,4,,1,70,,6269,1560,4,,1,30,,6270,1560,4,,1,70,,6271,1560,4,,1,30,,6272,1560,4,,1,70,,6273,1560,4,,1,30,,6274,1560,4,,1,70,,6275,1560,4,,1,30,,6276,1560,4,,1
4001,'2',600,,5379,0,,,1,30,,5380,0,,,1,15,,5379,2700,4,,1,55,,5381,0,,,1,15,,5380,2700,4,,1,15,,5382,0,,,1,15,,5381,2700,4,,1,55,,5383,0,,,1,17,,5382,2820,4,,1,13,,5384,0,,,1,17,,5383,2820,4,,1,53,,5385,0,,,1,17,,5384,2820,4,,1,13,,5386,0,,,1,17,,5385,2820,4,,1,53,,5387,0,,,1,17,,5386,2820,4,,1,13,,5388,0,,,1,17,,5387,2820,4,,1,53,,5389,0,,,1,17,,5388,2820,4,,1,13,,5390,0,,,1,17,,5389,2820,4,,1,53,,5391,0,,,1,17,,5390,2820,4,,1,13,,5392,0,,,1,17,,5391,2820,4,,1,53,,5393,0,,,1,18,,5392,2880,4,,1,12,,5394,0,,,1,18,,5393,2880,4,,1,52,,5395,0,,,1,18,,5394,2880,4,,1,12,,5396,0,,,1,18,,5395,2880,4,,1,52,,5397,0,,,1,22,,5396,3120,4,,1,8,,5398,0,,,1,22,,5397,3120,4,,1,48,,5399,0,,,1,22,,5398,3120,4,,1,8,,5400,0,,,1,22,,5399,3120,4,,1,48,,5401,0,,,1,22,,5400,3120,4,,1,8,,5402,0,,,1,19,,5401,2940,4,,1,51,,5403,0,,,1,19,,5402,2940,4,,1,11,,5404,0,,,1,19,,5403,2940,4,,1,67,,5404,2760,4,,1,399,,5405,0,,,1,43,,5405,2580,4,,1
4001,'3',726,,6277,0,,,1,85,,6277,2700,4,,1,15,,6278,0,,,1,85,,6278,2700,4,,1,15,,6279,0,,,1,85,,6279,2700,4,,1,15,,6280,0,,,1,85,,6280,2700,4,,1,15,,6281,0,,,1,91,,6281,3060,4,,1,9,,6282,0,,,1,91,,6282,3060,4,,1,9,,6283,0,,,1,91,,6283,3060,4,,1,9,,6284,0,,,1,91,,6284,3060,4,,1,9,,6285,0,,,1,85,,6285,2700,4,,1,15,,6286,0,,,1,85,,6286,2700,4,,1,15,,6287,0,,,1,85,,6287,2700,4,,1,15,,6288,0,,,1,85,,6288,2700,4,,1,15,,6289,0,,,1,85,,6289,2700,4,,1
4001,'4',726,,6290,0,,,1,85,,6290,2700,4,,1,15,,6291,0,,,1,85,,6291,2700,4,,1,15,,6292,0,,,1,85,,6292,2700,4,,1,15,,6293,0,,,1,85,,6293,2700,4,,1,15,,6294,0,,,1,91,,6294,3060,4,,1,9,,6295,0,,,1,91,,6295,3060,4,,1,9,,6296,0,,,1,91,,6296,3060,4,,1,9,,6297,0,,,1,91,,6297,3060,4,,1,9,,6298,0,,,1,85,,6298,2700,4,,1,15,,6299,0,,,1,85,,6299,2700,4,,1,15,,6300,0,,,1,85,,6300,2700,4,,1,15,,6301,0,,,1,85,,6301,2700,4,,1,15,,6302,0,,,1,85,,6302,2700,4,,1
6500,'2',615,,5607,0,,,1,30,,5608,0,,,1,70,,5609,0,,,1,30,,5610,0,,,1,70,,5611,0,,,1,30,,5612,0,,,1,70,,5613,0,,,1,30,,5614,0,,,1,70,,5615,0,,,1,30,,5616,0,,,1,70,,5617,0,,,1,30,,5618,0,,,1,71,,5619,0,,,1,30,,5620,0,,,1,71,,5621,0,,,1,29,,5622,0,,,1,71,,5623,0,,,1,28,,5624,0,,,1,70,,5625,0,,,1,30,,5626,0,,,1,70,,5627,0,,,1,30,,5628,0,,,1,70,,5629,0,,,1,30,,5630,0,,,1,70,,5631,0,,,1,30,,5632,0,,,1,70,,5633,0,,,1,30,,5634,0,,,1,70,,5635,0,,,1,30,,5636,0,,,1,70,,5637,0,,,1,30,,5638,0,,,1,70,,5639,0,,,1,30,,5640,0,,,1
6500,'3',758,,6421,0,,,1,100,,6422,0,,,1,100,,6423,0,,,1,100,,6424,0,,,1,100,,6425,0,,,1,100,,6426,0,,,1,100,,6427,0,,,1,100,,6428,0,,,1,100,,6429,0,,,1,100,,6430,0,,,1,100,,6431,0,,,1,100,,6432,0,,,1
6500,'4',758,,6433,0,,,1,100,,6434,0,,,1,100,,6435,0,,,1,100,,6436,0,,,1,100,,6437,0,,,1,100,,6438,0,,,1,100,,6439,0,,,1,100,,6440,0,,,1,100,,6441,0,,,1,100,,6442,0,,,1,100,,6443,0,,,1,100,,6444,0,,,1
6501,'2',700,,5653,2520,4,,1,30,,5654,2520,4,,1,70,,5655,2520,4,,1,34,,5656,2760,4,,1,70,,5657,2760,4,,1,30,,5658,2760,4,,1,70,,5659,2760,4,,1,30,,5660,2760,4,,1,70,,5661,2760,4,,1,30,,5662,2760,4,,1,70,,5663,2760,4,,1,30,,5664,2760,4,,1,71,,5665,2820,4,,1,30,,5666,2820,4,,1,70,,5667,2820,4,,1,30,,5668,2820,4,,1,70,,5669,2820,4,,1,33,,5670,3000,4,,1,70,,5671,3000,4,,1,30,,5672,3000,4,,1,70,,5673,3000,4,,1,28,,5674,2880,4,,1,70,,5675,2880,4,,1,30,,5676,2880,4,,1,67,,5677,2700,4,,1,30,,5678,2700,4,,1,70,,5679,2700,4,,1,30,,5680,2700,4,,1,69,,5681,2640,4,,1,30,,5682,2640,4,,1,70,,5683,2640,4,,1,30,,3745,2640,4,,1,68,,5684,2520,4,,1
6501,'3',844,,6445,2580,4,,1,100,,6446,2580,4,,1,100,,6447,2580,4,,1,104,,6448,2820,4,,1,100,,6449,2820,4,,1,100,,6450,2820,4,,1,100,,6451,2820,4,,1,102,,6452,2940,4,,1,100,,6453,2940,4,,1,100,,6454,2940,4,,1,100,,6455,2940,4,,1,100,,6456,2940,4,,1
6501,'4',844,,6457,2580,4,,1,100,,6458,2580,4,,1,100,,6459,2580,4,,1,104,,6460,2820,4,,1,100,,6461,2820,4,,1,100,,6462,2820,4,,1,100,,6463,2820,4,,1,102,,6464,2940,4,,1,100,,6465,2940,4,,1,100,,6466,2940,4,,1,100,,6467,2940,4,,1,100,,6468,2940,4,,1
9200,'2',627,,4444,0,,,1,96,,4445,0,,,1,31,,4446,0,,,1,94,,4447,0,,,1,691,,4448,0,,,1,70,,5743,0,,,1,103,,4450,0,,,1,96,,5744,0,,,1,36,,4452,0,,,1
9201,'2',618,,4489,1860,4,,1,94,,4490,1860,4,,1,30,,4491,1860,4,,1,99,,4492,1980,4,,1,69,,4493,1980,4,,1,94,,4494,1980,4,,1,696,,4495,2160,4,,1,29,,5745,2040,4,,1,104,,4497,2040,4,,1,88,,5746,1920,4,,1
