1001,'2',642,,4644,2130,,,1,15,,4645,2130,,,1,55,,4646,2130,,,1,15,,4647,2130,,,1,15,,4648,2130,,,1,15,,4649,2130,,,1,60,,4650,2430,,,1,15,,4651,2430,,,1,15,,4652,2430,,,1,55,,4653,2430,,,1,15,,4654,2430,,,1,15,,4655,2430,,,1,15,,4656,2430,,,1,55,,4657,2430,,,1,15,,4658,2430,,,1,15,,4659,2430,,,1,15,,4660,2430,,,1,55,,4661,2430,,,1,15,,4662,2430,,,1,15,,4663,2430,,,1,15,,4664,2430,,,1,55,,4665,2430,,,1,15,,4666,2430,,,1,15,,4667,2430,,,1,16,,4668,2490,,,1,55,,4669,2490,,,1,15,,4670,2490,,,1,15,,4671,2490,,,1,15,,4672,2490,,,1,55,,4673,2490,,,1,15,,4674,2490,,,1,15,,4675,2490,,,1,15,,4676,2490,,,1,57,,4677,2597,,,1,15,,4678,2597,,,1,15,,4679,2597,,,1,16,,4680,2597,,,1,56,,4681,2597,,,1,15,,4682,2597,,,1,15,,4683,2597,,,1,16,,4684,2597,,,1,56,,4685,2597,,,1,14,,4686,2537,,,1,16,,4687,2537,,,1,16,,4688,2537,,,1,55,,4689,2537,,,1,15,,4690,2537,,,1,15,,4691,2537,,,1,7,,4692,2070,,,1,60,,4693,2070,,,1,10,,4694,2070,,,1,15,,4695,2070,,,1,70,,4696,2070,,,1,30,,4697,2070,,,1,70,,4698,2083,,,1,30,,4699,2083,,,1,70,,4700,2083,,,1,30,,4701,2083,,,1,97,,4702,1903,,,1
1001,'3',853,,5793,2177,,,1,70,,5794,2177,,,1,30,,5795,2177,,,1,70,,5796,2177,,,1,30,,5797,2177,,,1,70,,5798,2177,,,1,33,,5799,2370,,,1,70,,5800,2370,,,1,30,,5801,2370,,,1,70,,5802,2370,,,1,30,,5803,2370,,,1,70,,5804,2370,,,1,30,,5805,2370,,,1,70,,5806,2370,,,1,29,,5807,2310,,,1,70,,5808,2310,,,1,30,,5809,2310,,,1,70,,5810,2310,,,1,30,,5811,2310,,,1,70,,5812,2310,,,1,30,,5813,2310,,,1,70,,5814,2310,,,1,31,,5815,2310,,,1
1001,'4',853,,5816,2177,,,1,70,,5817,2177,,,1,30,,5818,2177,,,1,70,,5819,2177,,,1,30,,5820,2177,,,1,70,,5821,2177,,,1,33,,5822,2370,,,1,70,,5823,2370,,,1,30,,5824,2370,,,1,70,,5825,2370,,,1,30,,5826,2370,,,1,70,,5827,2370,,,1,30,,5828,2370,,,1,70,,5829,2370,,,1,29,,5830,2310,,,1,70,,5831,2310,,,1,30,,5832,2310,,,1,70,,5833,2310,,,1,30,,5834,2310,,,1,70,,5835,2310,,,1,30,,5836,2310,,,1,70,,5837,2310,,,1,31,,5838,2310,,,1
4001,'2',643,,5379,2607,,,1,70,,5380,2607,,,1,30,,5381,2607,,,1,72,,5382,2712,,,1,30,,5383,2712,,,1,70,,5384,2712,,,1,30,,5385,2712,,,1,70,,5386,2712,,,1,30,,5387,2712,,,1,70,,5388,2712,,,1,30,,5389,2712,,,1,70,,5390,2712,,,1,30,,5391,2712,,,1,71,,5392,2772,,,1,30,,5393,2772,,,1,70,,5394,2772,,,1,30,,5395,2772,,,1,73,,5396,2996,,,1,30,,5397,2996,,,1,70,,5398,2996,,,1,30,,5399,2996,,,1,70,,5400,2996,,,1,28,,5401,2832,,,1,70,,5402,2832,,,1,30,,5403,2832,,,1,67,,5404,2667,,,1,442,,5405,2472,,,1
4001,'3',809,,6277,2592,,,1,100,,6278,2592,,,1,100,,6279,2592,,,1,100,,6280,2592,,,1,105,,6281,2936,,,1,100,,6282,2936,,,1,100,,6283,2936,,,1,100,,6284,2936,,,1,94,,6285,2576,,,1,100,,6286,2576,,,1,100,,6287,2576,,,1,100,,6288,2576,,,1,100,,6289,2576,,,1
4001,'4',809,,6290,2592,,,1,100,,6291,2592,,,1,100,,6292,2592,,,1,100,,6293,2592,,,1,105,,6294,2936,,,1,100,,6295,2936,,,1,100,,6296,2936,,,1,100,,6297,2936,,,1,94,,6298,2576,,,1,100,,6299,2576,,,1,100,,6300,2576,,,1,100,,6301,2576,,,1,100,,6302,2576,,,1
6501,'2',658,,5653,2412,,,1,70,,5654,2412,,,1,30,,5655,2412,,,1,74,,5656,2652,,,1,70,,5657,2652,,,1,30,,5658,2652,,,1,70,,5659,2652,,,1,30,,5660,2652,,,1,70,,5661,2652,,,1,30,,5662,2652,,,1,70,,5663,2652,,,1,30,,5664,2652,,,1,71,,5665,2712,,,1,30,,5666,2712,,,1,70,,5667,2712,,,1,30,,5668,2712,,,1,70,,5669,2712,,,1,33,,5670,2892,,,1,70,,5671,2892,,,1,30,,5672,2892,,,1,70,,5673,2892,,,1,28,,5674,2772,,,1,70,,5675,2772,,,1,30,,5676,2772,,,1,67,,5677,2592,,,1,30,,5678,2592,,,1,70,,5679,2592,,,1,30,,5680,2592,,,1,69,,5681,2532,,,1,30,,5682,2532,,,1,70,,5683,2532,,,1,30,,3745,2532,,,1,28,,5684,2427,,,1
6501,'3',842,,6445,2487,,,1,100,,6446,2487,,,1,100,,6447,2487,,,1,104,,6448,2712,,,1,100,,6449,2712,,,1,100,,6450,2712,,,1,100,,6451,2712,,,1,101,,6452,2816,,,1,100,,6453,2816,,,1,100,,6454,2816,,,1,100,,6455,2816,,,1,100,,6456,2816,,,1
6501,'4',842,,6457,2487,,,1,100,,6458,2487,,,1,100,,6459,2487,,,1,104,,6460,2712,,,1,100,,6461,2712,,,1,100,,6462,2712,,,1,100,,6463,2712,,,1,101,,6464,2816,,,1,100,,6465,2816,,,1,100,,6466,2816,,,1,100,,6467,2816,,,1,100,,6468,2816,,,1
8501,'2',638,,5726,2575,,,1,100,,5727,2575,,,1,104,,5728,2769,,,1,100,,5729,2769,,,1,101,,5730,2829,,,1,100,,5731,2829,,,1,100,,5732,2829,,,1,103,,5733,3023,,,1,100,,5734,3023,,,1,105,,5735,3323,,,1,101,,5736,3323,,,1,104,,5737,3489,,,1,101,,5738,3489,,,1,93,,1685,3009,,,1,95,,5739,2663,,,1,101,,5740,2663,,,1,99,,5741,2543,,,1,101,,5742,2543,,,1
8501,'3',855,,6493,2783,,,1,100,,6494,2783,,,1,100,,6495,2783,,,1,104,,6496,3009,,,1,100,,6497,3009,,,1,100,,6498,3009,,,1,100,,6499,3009,,,1,99,,6500,2949,,,1,100,,6501,2949,,,1,100,,6502,2949,,,1,100,,6503,2949,,,1,100,,6504,2949,,,1
8501,'4',855,,6505,2783,,,1,100,,6506,2783,,,1,100,,6507,2783,,,1,104,,6508,3009,,,1,100,,6509,3009,,,1,100,,6510,3009,,,1,100,,6511,3009,,,1,99,,6512,2949,,,1,100,,6513,2949,,,1,100,,6514,2949,,,1,100,,6515,2949,,,1,100,,6516,2949,,,1
