1000,'2',603,,4562,195,,,1,15,,4563,195,,,1,15,,4564,195,,,1,15,,4565,195,,,1,55,,4566,195,,,1,15,,4567,195,,,1,16,,4568,264,,,1,15,,4569,264,,,1,55,,4570,264,,,1,15,,4571,264,,,1,15,,4572,264,,,1,15,,4573,264,,,1,55,,4574,264,,,1,15,,4575,264,,,1,15,,4576,264,,,1,15,,4577,264,,,1,55,,4578,255,,,1,15,,4579,255,,,1,15,,4580,255,,,1,15,,4581,255,,,1,55,,4582,255,,,1,15,,4583,255,,,1,15,,4584,255,,,1,15,,4585,255,,,1,55,,4586,255,,,1,15,,4587,264,,,1,15,,4588,264,,,1,15,,4589,264,,,1,55,,4590,264,,,1,15,,4591,264,,,1,15,,4592,264,,,1,15,,4593,264,,,1,55,,4594,264,,,1,15,,4595,264,,,1,15,,4596,272,,,1,15,,353,272,,,1,55,,4597,272,,,1,16,,4598,272,,,1,16,,4599,272,,,1,15,,4600,272,,,1,56,,4601,272,,,1,16,,4602,272,,,1,15,,4603,272,,,1,15,,4604,272,,,1,55,,4605,272,,,1,15,,4606,272,,,1,16,,4607,272,,,1,15,,4608,272,,,1,55,,4609,264,,,1,16,,4610,264,,,1,15,,4611,264,,,1,15,,4612,264,,,1,55,,4613,264,,,1,30,,4614,264,,,1,69,,4615,195,,,1,30,,4616,195,,,1,70,,4617,195,,,1,30,,4618,195,,,1,70,,4619,187,,,1,100,,4620,187,,,1
1000,'3',802,,5747,195,,,1,30,,5748,195,,,1,70,,5749,195,,,1,30,,5750,195,,,1,70,,5751,195,,,1,30,,5752,195,,,1,70,,5753,195,,,1,31,,5754,264,,,1,70,,5755,264,,,1,30,,5756,264,,,1,70,,5757,264,,,1,30,,5758,264,,,1,70,,5759,264,,,1,30,,5760,264,,,1,70,,5761,264,,,1,30,,5762,264,,,1,70,,5763,264,,,1,30,,5764,264,,,1,70,,5765,264,,,1,30,,5766,264,,,1,70,,5767,264,,,1,30,,5768,264,,,1,100,,5769,264,,,1
1000,'4',802,,5770,195,,,1,30,,5771,195,,,1,70,,5772,195,,,1,30,,5773,195,,,1,70,,5774,195,,,1,30,,5775,195,,,1,70,,5776,195,,,1,31,,5777,264,,,1,70,,5778,264,,,1,30,,5779,264,,,1,70,,5780,264,,,1,30,,5781,264,,,1,70,,5782,264,,,1,30,,5783,264,,,1,70,,5784,264,,,1,30,,5785,264,,,1,70,,5786,264,,,1,30,,5787,264,,,1,70,,5788,264,,,1,30,,5789,264,,,1,70,,5790,264,,,1,30,,5791,264,,,1,100,,5792,264,,,1
1101,'2',728,,4743,1451,,,1,102,,4744,1617,,,1,100,,4745,1617,,,1,100,,4746,1564,,,1,100,,4747,1564,,,1,100,,4748,1564,,,1,100,,4749,1564,,,1,100,,4750,1564,,,1,100,,4751,1564,,,1,100,,4752,1564,,,1,100,,4753,1564,,,1,99,,4754,1511,,,1,100,,4755,1511,,,1,99,,4756,1457,,,1,100,,4757,1457,,,1,98,,4758,1344,,,1
1101,'3',902,,5863,1284,,,1,100,,5864,1284,,,1,100,,5865,1284,,,1,103,,5866,1457,,,1,100,,5867,1457,,,1,100,,5868,1457,,,1,100,,5869,1457,,,1,98,,5870,1344,,,1,100,,5871,1344,,,1,100,,5872,1344,,,1,100,,5873,1344,,,1,100,,5874,1344,,,1
1101,'4',902,,5875,1284,,,1,100,,5876,1284,,,1,100,,5877,1284,,,1,103,,5878,1457,,,1,100,,5879,1457,,,1,100,,5880,1457,,,1,100,,5881,1457,,,1,98,,5882,1344,,,1,100,,5883,1344,,,1,100,,5884,1344,,,1,100,,5885,1344,,,1,100,,5886,1344,,,1
2001,'2',630,,4864,1741,,,1,15,,4865,1741,,,1,55,,4866,1741,,,1,15,,4867,1741,,,1,15,,4868,1741,,,1,15,,4869,1741,,,1,55,,4870,1771,,,1,15,,4871,1771,,,1,15,,4872,1771,,,1,15,,4873,1771,,,1,55,,4874,1771,,,1,15,,4875,1771,,,1,15,,4876,1771,,,1,15,,4877,1771,,,1,55,,4878,1771,,,1,15,,4879,1771,,,1,16,,4880,1801,,,1,15,,4881,1801,,,1,55,,4882,1801,,,1,15,,4883,1801,,,1,15,,4884,1801,,,1,15,,4885,1801,,,1,55,,4886,1801,,,1,15,,4887,1801,,,1,17,,4888,1951,,,1,15,,4889,1951,,,1,55,,4890,1951,,,1,15,,4891,1951,,,1,15,,4892,1951,,,1,15,,4893,1951,,,1,55,,4894,1951,,,1,15,,4895,1951,,,1,15,,4896,1951,,,1,15,,4897,1951,,,1,57,,4898,2071,,,1,15,,4899,2071,,,1,15,,4900,2071,,,1,15,,4901,2071,,,1,56,,4902,2071,,,1,16,,4903,2071,,,1,15,,4904,2071,,,1,15,,4905,2071,,,1,56,,4906,2071,,,1,16,,4907,2071,,,1,15,,4908,2071,,,1,15,,4909,2071,,,1,56,,4910,2071,,,1,16,,4911,2071,,,1,9,,4912,1711,,,1,15,,4913,1711,,,1,55,,4914,1711,,,1,30,,4915,1711,,,1,70,,4916,1711,,,1,29,,4917,1651,,,1,70,,4918,1651,,,1,30,,4919,1651,,,1,70,,4920,1651,,,1,30,,4921,1622,,,1,100,,4922,1622,,,1
2001,'3',837,,5933,1801,,,1,70,,5934,1801,,,1,30,,5935,1801,,,1,70,,5936,1801,,,1,30,,5937,1801,,,1,70,,5938,1801,,,1,30,,5939,1831,,,1,70,,5940,1831,,,1,30,,5941,1831,,,1,70,,5942,1831,,,1,30,,5943,1831,,,1,70,,5944,1831,,,1,30,,5945,1831,,,1,70,,5946,1831,,,1,30,,5947,1831,,,1,70,,5948,1831,,,1,30,,5949,1831,,,1,70,,5950,1831,,,1,30,,5951,1831,,,1,70,,5952,1831,,,1,30,,5953,1831,,,1,70,,5954,1831,,,1,30,,5955,1831,,,1
2001,'4',837,,5956,1801,,,1,70,,5957,1801,,,1,30,,5958,1801,,,1,70,,5959,1801,,,1,30,,5960,1801,,,1,70,,5961,1801,,,1,30,,5962,1831,,,1,70,,5963,1831,,,1,30,,5964,1831,,,1,70,,5965,1831,,,1,30,,5966,1831,,,1,70,,5967,1831,,,1,30,,5968,1831,,,1,70,,5969,1831,,,1,30,,5970,1831,,,1,70,,5971,1831,,,1,30,,5972,1831,,,1,70,,5973,1831,,,1,30,,5974,1831,,,1,70,,5975,1831,,,1,30,,5976,1831,,,1,70,,5977,1831,,,1,30,,5978,1831,,,1
3001,'2',618,,5151,1215,,,1,15,,5152,1215,,,1,15,,5153,1215,,,1,55,,5154,1215,,,1,15,,5155,1215,,,1,15,,5156,1215,,,1,15,,5157,1215,,,1,58,,5158,1386,,,1,15,,5159,1386,,,1,15,,5160,1386,,,1,15,,5161,1386,,,1,55,,5162,1386,,,1,15,,5163,1386,,,1,15,,5164,1386,,,1,15,,5165,1386,,,1,55,,5166,1386,,,1,16,,5167,1446,,,1,15,,5168,1446,,,1,15,,5169,1446,,,1,55,,5170,1446,,,1,15,,5171,1446,,,1,15,,5172,1446,,,1,15,,5173,1446,,,1,55,,5174,1446,,,1,15,,5175,1446,,,1,15,,5176,1446,,,1,15,,5177,1446,,,1,55,,5178,1446,,,1,15,,5179,1446,,,1,15,,5180,1446,,,1,15,,5181,1446,,,1,55,,5182,1446,,,1,15,,5183,1446,,,1,15,,5184,1446,,,1,16,,5185,1497,,,1,56,,5186,1497,,,1,16,,5187,1497,,,1,15,,5188,1497,,,1,16,,5189,1497,,,1,56,,5190,1497,,,1,15,,5191,1497,,,1,15,,5192,1497,,,1,15,,5193,1455,,,1,56,,5194,1455,,,1,16,,5195,1455,,,1,15,,5196,1455,,,1,15,,5197,1455,,,1,56,,5198,1455,,,1,14,,5199,1335,,,1,15,,5200,1335,,,1,12,,3065,1335,,,1,70,,5201,1335,,,1,30,,5202,1335,,,1,69,,5203,1275,,,1,30,,5204,1275,,,1,70,,5205,1275,,,1,30,,5206,1275,,,1,69,,5207,1223,,,1,100,,5208,1223,,,1
3001,'3',850,,6115,1326,,,1,70,,6116,1326,,,1,30,,6117,1326,,,1,70,,6118,1326,,,1,30,,6119,1326,,,1,70,,6120,1326,,,1,31,,6121,1386,,,1,70,,6122,1386,,,1,30,,6123,1386,,,1,70,,6124,1386,,,1,30,,6125,1386,,,1,70,,6126,1386,,,1,30,,6127,1386,,,1,70,,6128,1386,,,1,30,,6129,1386,,,1,70,,6130,1386,,,1,30,,6131,1386,,,1,70,,6132,1386,,,1,30,,6133,1386,,,1,70,,6134,1386,,,1,30,,6135,1386,,,1,70,,6136,1386,,,1,30,,6137,1386,,,1
3001,'4',850,,6138,1326,,,1,70,,6139,1326,,,1,30,,6140,1326,,,1,70,,6141,1326,,,1,30,,6142,1326,,,1,70,,6143,1326,,,1,31,,6144,1386,,,1,70,,6145,1386,,,1,30,,6146,1386,,,1,70,,6147,1386,,,1,30,,6148,1386,,,1,70,,6149,1386,,,1,30,,6150,1386,,,1,70,,6151,1386,,,1,30,,6152,1386,,,1,70,,6153,1386,,,1,30,,6154,1386,,,1,70,,6155,1386,,,1,30,,6156,1386,,,1,70,,6157,1386,,,1,30,,6158,1386,,,1,70,,6159,1386,,,1,30,,6160,1386,,,1
3501,'2',616,,5332,1356,,,1,30,,5333,1356,,,1,70,,5334,1356,,,1,30,,5335,1356,,,1,72,,5336,1465,,,1,30,,5337,1465,,,1,70,,5338,1465,,,1,30,,5339,1465,,,1,70,,5340,1465,,,1,30,,5341,1476,,,1,70,,5342,1476,,,1,30,,5343,1476,,,1,70,,5344,1476,,,1,31,,5345,1515,,,1,70,,1673,1515,,,1,30,,5346,1515,,,1,70,,5347,1515,,,1,32,,5348,1635,,,1,70,,5349,1635,,,1,30,,5350,1635,,,1,70,,5351,1635,,,1,30,,5352,1635,,,1,71,,5353,1695,,,1,30,,5354,1695,,,1,70,,5355,1695,,,1,25,,5356,1416,,,1,70,,5357,1416,,,1,30,,5358,1416,,,1,70,,5359,1416,,,1,28,,5360,1296,,,1,70,,5361,1296,,,1,30,,5362,1296,,,1,70,,5363,1296,,,1,30,,5364,1296,,,1,70,,5365,1296,,,1
3501,'3',831,,6231,1296,,,1,70,,6232,1296,,,1,30,,6233,1296,,,1,70,,6234,1296,,,1,30,,6235,1296,,,1,70,,6236,1296,,,1,32,,6237,1395,,,1,70,,6238,1395,,,1,30,,6239,1395,,,1,70,,6240,1395,,,1,30,,6241,1395,,,1,70,,6242,1395,,,1,30,,6243,1395,,,1,70,,6244,1395,,,1,31,,6245,1476,,,1,70,,6246,1476,,,1,30,,6247,1476,,,1,70,,6248,1476,,,1,30,,6249,1476,,,1,70,,6250,1476,,,1,30,,6251,1476,,,1,70,,6252,1476,,,1,30,,6253,1476,,,1
3501,'4',831,,6254,1296,,,1,70,,6255,1296,,,1,30,,6256,1296,,,1,70,,6257,1296,,,1,30,,6258,1296,,,1,70,,6259,1296,,,1,32,,6260,1395,,,1,70,,6261,1395,,,1,30,,6262,1395,,,1,70,,6263,1395,,,1,30,,6264,1395,,,1,70,,6265,1395,,,1,30,,6266,1395,,,1,70,,6267,1395,,,1,31,,6268,1476,,,1,70,,6269,1476,,,1,30,,6270,1476,,,1,70,,6271,1476,,,1,30,,6272,1476,,,1,70,,6273,1476,,,1,30,,6274,1476,,,1,70,,6275,1476,,,1,30,,6276,1476,,,1
4001,'2',603,,5379,198,,,1,30,,5380,198,,,1,70,,5381,198,,,1,30,,5382,198,,,1,70,,5383,198,,,1,30,,5384,198,,,1,70,,5385,198,,,1,30,,5386,198,,,1,70,,5387,198,,,1,30,,5388,198,,,1,70,,5389,198,,,1,30,,5390,198,,,1,70,,5391,198,,,1,31,,5392,258,,,1,70,,5393,258,,,1,30,,5394,258,,,1,70,,5395,258,,,1,30,,5396,266,,,1,70,,5397,266,,,1,30,,5398,266,,,1,70,,5399,266,,,1,30,,5400,266,,,1,70,,5401,266,,,1,30,,5402,266,,,1,70,,5403,266,,,1,29,,5404,198,,,1,485,,5405,198,,,1
4001,'3',729,,6277,198,,,1,100,,6278,198,,,1,100,,6279,198,,,1,100,,6280,198,,,1,101,,6281,266,,,1,100,,6282,266,,,1,100,,6283,266,,,1,100,,6284,266,,,1,100,,6285,249,,,1,100,,6286,249,,,1,100,,6287,249,,,1,100,,6288,249,,,1,100,,6289,249,,,1
4001,'4',729,,6290,198,,,1,100,,6291,198,,,1,100,,6292,198,,,1,100,,6293,198,,,1,101,,6294,266,,,1,100,,6295,266,,,1,100,,6296,266,,,1,100,,6297,266,,,1,100,,6298,249,,,1,100,,6299,249,,,1,100,,6300,249,,,1,100,,6301,249,,,1,100,,6302,249,,,1
6500,'2',618,,5607,198,,,1,30,,5608,198,,,1,70,,5609,198,,,1,30,,5610,206,,,1,70,,5611,206,,,1,30,,5612,206,,,1,70,,5613,206,,,1,30,,5614,206,,,1,70,,5615,198,,,1,30,,5616,198,,,1,70,,5617,198,,,1,30,,5618,198,,,1,71,,5619,198,,,1,30,,5620,198,,,1,71,,5621,198,,,1,29,,5622,198,,,1,71,,5623,198,,,1,29,,5624,266,,,1,70,,5625,266,,,1,30,,5626,266,,,1,70,,5627,266,,,1,30,,5628,266,,,1,70,,5629,266,,,1,30,,5630,266,,,1,69,,5631,198,,,1,30,,5632,198,,,1,70,,5633,198,,,1,30,,5634,198,,,1,70,,5635,198,,,1,30,,5636,198,,,1,70,,5637,198,,,1,30,,5638,198,,,1,70,,5639,198,,,1,30,,5640,198,,,1
6500,'3',801,,6421,198,,,1,100,,6422,198,,,1,100,,6423,198,,,1,100,,6424,198,,,1,100,,6425,206,,,1,100,,6426,206,,,1,100,,6427,206,,,1,100,,6428,206,,,1,100,,6429,206,,,1,100,,6430,206,,,1,100,,6431,206,,,1,100,,6432,206,,,1
6500,'4',801,,6433,198,,,1,100,,6434,198,,,1,100,,6435,198,,,1,100,,6436,198,,,1,100,,6437,206,,,1,100,,6438,206,,,1,100,,6439,206,,,1,100,,6440,206,,,1,100,,6441,206,,,1,100,,6442,206,,,1,100,,6443,206,,,1,100,,6444,206,,,1
8500,'2',550,,5697,188,,,1,100,,5698,188,,,1,100,,3196,188,,,1,100,,5699,188,,,1,100,,5700,188,,,1,100,,5701,188,,,1,100,,5702,188,,,1,100,,5703,188,,,1,100,,5704,188,,,1,101,,5705,267,,,1,102,,5706,267,,,1,100,,5707,207,,,1,101,,5708,207,,,1,101,,5709,188,,,1,101,,5710,188,,,1,101,,5711,188,,,1,101,,5712,188,,,1,101,,5713,188,,,1
8500,'3',811,,6469,188,,,1,100,,6470,188,,,1,100,,6471,188,,,1,100,,6472,188,,,1,100,,6473,188,,,1,100,,6474,188,,,1,100,,6475,188,,,1,100,,6476,198,,,1,100,,6477,198,,,1,100,,6478,198,,,1,100,,6479,198,,,1,100,,6480,198,,,1
8500,'4',811,,6481,188,,,1,100,,6482,188,,,1,100,,6483,188,,,1,100,,6484,188,,,1,100,,6485,188,,,1,100,,6486,188,,,1,100,,6487,188,,,1,100,,6488,198,,,1,100,,6489,198,,,1,100,,6490,198,,,1,100,,6491,198,,,1,100,,6492,198,,,1
