1000,'2',622,,4562,1360,,,1,15,,4563,1360,,,1,15,,4564,1360,,,1,55,,4565,1360,,,1,15,,4566,1360,,,1,15,,4567,1360,,,1,18,,4568,1540,,,1,55,,4569,1540,,,1,15,,4570,1540,,,1,15,,4571,1540,,,1,15,,4572,1540,,,1,55,,4573,1540,,,1,15,,4574,1540,,,1,15,,4575,1540,,,1,15,,4576,1540,,,1,55,,4577,1540,,,1,15,,4578,1540,,,1,15,,4579,1540,,,1,15,,4580,1540,,,1,55,,4581,1540,,,1,15,,4582,1540,,,1,15,,4583,1540,,,1,15,,4584,1540,,,1,55,,4585,1540,,,1,15,,4586,1540,,,1,17,,4587,1660,,,1,15,,4588,1660,,,1,55,,4589,1660,,,1,15,,4590,1660,,,1,15,,4591,1660,,,1,15,,4592,1660,,,1,55,,4593,1660,,,1,15,,4594,1660,,,1,15,,4595,1660,,,1,17,,4596,1755,,,1,55,,353,1755,,,1,15,,4597,1755,,,1,16,,4598,1755,,,1,56,,4599,1755,,,1,15,,4600,1755,,,1,16,,4601,1755,,,1,16,,4602,1755,,,1,55,,4603,1780,,,1,15,,4604,1780,,,1,15,,4605,1780,,,1,15,,4606,1780,,,1,56,,4607,1780,,,1,15,,4608,1780,,,1,11,,4609,1505,,,1,16,,4610,1505,,,1,55,,4611,1505,,,1,15,,4612,1505,,,1,15,,4613,1505,,,1,70,,4614,1505,,,1,28,,4615,1385,,,1,30,,4616,1385,,,1,70,,4617,1385,,,1,30,,4618,1385,,,1,67,,4619,1230,,,1,100,,4620,1230,,,1
1000,'3',822,,5747,1385,,,1,30,,5748,1385,,,1,70,,5749,1385,,,1,30,,5750,1385,,,1,70,,5751,1385,,,1,30,,5752,1385,,,1,70,,5753,1385,,,1,34,,5754,1660,,,1,70,,5755,1660,,,1,30,,5756,1660,,,1,70,,5757,1660,,,1,30,,5758,1660,,,1,70,,5759,1660,,,1,30,,5760,1660,,,1,70,,5761,1660,,,1,30,,5762,1660,,,1,70,,5763,1660,,,1,30,,5764,1660,,,1,70,,5765,1660,,,1,30,,5766,1660,,,1,70,,5767,1660,,,1,30,,5768,1660,,,1,100,,5769,1660,,,1
1000,'4',822,,5770,1385,,,1,30,,5771,1385,,,1,70,,5772,1385,,,1,30,,5773,1385,,,1,70,,5774,1385,,,1,30,,5775,1385,,,1,70,,5776,1385,,,1,34,,5777,1660,,,1,70,,5778,1660,,,1,30,,5779,1660,,,1,70,,5780,1660,,,1,30,,5781,1660,,,1,70,,5782,1660,,,1,30,,5783,1660,,,1,70,,5784,1660,,,1,30,,5785,1660,,,1,70,,5786,1660,,,1,30,,5787,1660,,,1,70,,5788,1660,,,1,30,,5789,1660,,,1,70,,5790,1660,,,1,30,,5791,1660,,,1,100,,5792,1660,,,1
1001,'2',622,,4644,914,,,1,15,,4645,914,,,1,15,,4646,914,,,1,55,,4647,914,,,1,15,,4648,914,,,1,15,,4649,914,,,1,17,,4650,1047,,,1,55,,4651,1047,,,1,15,,4652,1047,,,1,15,,4653,1047,,,1,15,,4654,1047,,,1,55,,4655,1047,,,1,15,,4656,1047,,,1,15,,4657,1047,,,1,15,,4658,1047,,,1,55,,4659,1047,,,1,14,,4660,1010,,,1,15,,4661,1010,,,1,15,,4662,1010,,,1,55,,4663,1010,,,1,15,,4664,1010,,,1,15,,4665,1010,,,1,15,,4666,1010,,,1,55,,4667,1010,,,1,16,,4668,1070,,,1,15,,4669,1070,,,1,15,,4670,1070,,,1,55,,4671,1070,,,1,15,,4672,1070,,,1,15,,4673,1070,,,1,15,,4674,1070,,,1,55,,4675,1070,,,1,15,,4676,1070,,,1,15,,4677,1047,,,1,15,,4678,1047,,,1,55,,4679,1047,,,1,16,,4680,1047,,,1,16,,4681,1047,,,1,15,,4682,1047,,,1,55,,4683,1047,,,1,16,,4684,1047,,,1,16,,4685,1047,,,1,14,,4686,1010,,,1,56,,4687,1010,,,1,16,,4688,1010,,,1,15,,4689,1010,,,1,15,,4690,1010,,,1,55,,4691,1010,,,1,13,,4692,854,,,1,20,,4693,854,,,1,10,,4694,854,,,1,55,,4695,854,,,1,30,,4696,854,,,1,70,,4697,854,,,1,30,,4698,854,,,1,70,,4699,854,,,1,30,,4700,854,,,1,70,,4701,854,,,1,99,,4702,818,,,1
1001,'3',832,,5793,914,,,1,70,,5794,914,,,1,30,,5795,914,,,1,70,,5796,914,,,1,30,,5797,914,,,1,70,,5798,914,,,1,31,,5799,974,,,1,70,,5800,974,,,1,30,,5801,974,,,1,70,,5802,974,,,1,30,,5803,974,,,1,70,,5804,974,,,1,30,,5805,974,,,1,70,,5806,974,,,1,29,,5807,914,,,1,70,,5808,914,,,1,30,,5809,914,,,1,70,,5810,914,,,1,30,,5811,914,,,1,70,,5812,914,,,1,30,,5813,914,,,1,70,,5814,914,,,1,31,,5815,914,,,1
1001,'4',832,,5816,914,,,1,70,,5817,914,,,1,30,,5818,914,,,1,70,,5819,914,,,1,30,,5820,914,,,1,70,,5821,914,,,1,31,,5822,974,,,1,70,,5823,974,,,1,30,,5824,974,,,1,70,,5825,974,,,1,30,,5826,974,,,1,70,,5827,974,,,1,30,,5828,974,,,1,70,,5829,974,,,1,29,,5830,914,,,1,70,,5831,914,,,1,30,,5832,914,,,1,70,,5833,914,,,1,30,,5834,914,,,1,70,,5835,914,,,1,30,,5836,914,,,1,70,,5837,914,,,1,31,,5838,914,,,1
2000,'2',615,,4782,1320,,,1,15,,4783,1320,,,1,15,,4784,1320,,,1,55,,4785,1320,,,1,15,,4786,1320,,,1,15,,4787,1320,,,1,15,,4788,1320,,,1,56,,4789,1380,,,1,15,,4790,1380,,,1,15,,4791,1380,,,1,15,,4792,1380,,,1,55,,4793,1380,,,1,15,,4794,1380,,,1,15,,4795,1380,,,1,15,,4796,1380,,,1,55,,4797,1380,,,1,15,,4798,1380,,,1,16,,4799,1440,,,1,15,,4800,1440,,,1,55,,4801,1440,,,1,15,,4802,1440,,,1,15,,4803,1440,,,1,15,,4804,1440,,,1,55,,4805,1440,,,1,15,,4806,1440,,,1,16,,4807,1500,,,1,15,,4808,1500,,,1,55,,4809,1500,,,1,16,,4810,1500,,,1,15,,4811,1500,,,1,15,,4812,1500,,,1,55,,4813,1500,,,1,15,,4814,1500,,,1,15,,4815,1500,,,1,17,,4816,1620,,,1,55,,4817,1620,,,1,16,,4818,1620,,,1,16,,4819,1620,,,1,15,,4820,1620,,,1,55,,4821,1620,,,1,16,,4822,1620,,,1,16,,2215,1620,,,1,15,,4823,1620,,,1,55,,4824,1620,,,1,16,,4825,1620,,,1,16,,4826,1620,,,1,15,,4827,1620,,,1,55,,4828,1620,,,1,12,,4829,1380,,,1,15,,4830,1380,,,1,15,,4831,1380,,,1,55,,4832,1380,,,1,30,,4833,1380,,,1,70,,4834,1380,,,1,30,,4835,1380,,,1,70,,4836,1380,,,1,30,,4837,1380,,,1,70,,4838,1380,,,1,29,,4839,1320,,,1,97,,4840,1320,,,1
2000,'3',824,,5887,1320,,,1,30,,5888,1320,,,1,70,,5889,1320,,,1,30,,5890,1320,,,1,70,,5891,1320,,,1,30,,5892,1320,,,1,72,,5893,1440,,,1,30,,5894,1440,,,1,70,,5895,1440,,,1,30,,5896,1440,,,1,70,,5897,1440,,,1,30,,5898,1440,,,1,70,,5899,1440,,,1,30,,5900,1440,,,1,71,,5901,1500,,,1,30,,5902,1500,,,1,70,,5903,1500,,,1,30,,5904,1500,,,1,70,,5905,1500,,,1,30,,5906,1500,,,1,70,,5907,1500,,,1,30,,5908,1500,,,1,71,,5909,1500,,,1
2000,'4',824,,5910,1320,,,1,30,,5911,1320,,,1,70,,5912,1320,,,1,30,,5913,1320,,,1,70,,5914,1320,,,1,30,,5915,1320,,,1,72,,5916,1440,,,1,30,,5917,1440,,,1,70,,5918,1440,,,1,30,,5919,1440,,,1,70,,5920,1440,,,1,30,,5921,1440,,,1,70,,5922,1440,,,1,30,,5923,1440,,,1,71,,5924,1500,,,1,30,,5925,1500,,,1,70,,5926,1500,,,1,30,,5927,1500,,,1,70,,5928,1500,,,1,30,,5929,1500,,,1,70,,5930,1500,,,1,30,,5931,1500,,,1,71,,5932,1500,,,1
5500,'2',605,,5517,1080,,,1,30,,5518,1080,,,1,70,,5519,1080,,,1,30,,5520,1080,,,1,72,,5521,1200,,,1,30,,5522,1200,,,1,70,,5523,1200,,,1,30,,5524,1200,,,1,70,,5525,1200,,,1,29,,5526,1140,,,1,70,,5527,1140,,,1,30,,5528,1140,,,1,70,,5529,1140,,,1,33,,5530,1320,,,1,70,,5531,1320,,,1,30,,5532,1320,,,1,70,,5533,1320,,,1,30,,5534,1320,,,1,71,,5535,1380,,,1,30,,5536,1380,,,1,70,,5537,1380,,,1,30,,5538,1380,,,1,71,,5539,1440,,,1,30,,5540,1440,,,1,70,,5541,1440,,,1,26,,5542,1200,,,1,70,,5543,1200,,,1,30,,5544,1200,,,1,70,,5545,1200,,,1,27,,5546,1020,,,1,70,,5547,1020,,,1,30,,5548,1020,,,1,70,,5549,1020,,,1
5500,'3',809,,6373,1020,,,1,100,,6374,1020,,,1,100,,6375,1020,,,1,100,,6376,1020,,,1,102,,6377,1140,,,1,100,,6378,1140,,,1,100,,6379,1140,,,1,100,,6380,1140,,,1,102,,6381,1260,,,1,100,,6382,1260,,,1,100,,6383,1260,,,1,100,,6384,1260,,,1
5500,'4',809,,6385,1020,,,1,100,,6386,1020,,,1,100,,6387,1020,,,1,100,,6388,1020,,,1,102,,6389,1140,,,1,100,,6390,1140,,,1,100,,6391,1140,,,1,100,,6392,1140,,,1,102,,6393,1260,,,1,100,,6394,1260,,,1,100,,6395,1260,,,1,100,,6396,1260,,,1
