1001,'2',642,,4644,2108,,,1,15,,4645,2108,,,1,55,,4646,2108,,,1,15,,4647,2108,,,1,15,,4648,2108,,,1,15,,4649,2108,,,1,60,,4650,2408,,,1,15,,4651,2408,,,1,15,,4652,2408,,,1,55,,4653,2408,,,1,15,,4654,2408,,,1,15,,4655,2408,,,1,15,,4656,2408,,,1,55,,4657,2408,,,1,15,,4658,2408,,,1,15,,4659,2408,,,1,15,,4660,2408,,,1,55,,4661,2408,,,1,15,,4662,2408,,,1,15,,4663,2408,,,1,15,,4664,2408,,,1,55,,4665,2408,,,1,15,,4666,2408,,,1,15,,4667,2408,,,1,16,,4668,2468,,,1,55,,4669,2468,,,1,15,,4670,2468,,,1,15,,4671,2468,,,1,15,,4672,2468,,,1,55,,4673,2468,,,1,15,,4674,2468,,,1,15,,4675,2468,,,1,15,,4676,2468,,,1,56,,4677,2572,,,1,15,,4678,2572,,,1,15,,4679,2572,,,1,16,,4680,2572,,,1,56,,4681,2572,,,1,15,,4682,2572,,,1,15,,4683,2572,,,1,16,,4684,2572,,,1,56,,4685,2572,,,1,14,,4686,2512,,,1,16,,4687,2512,,,1,16,,4688,2512,,,1,55,,4689,2512,,,1,15,,4690,2512,,,1,15,,4691,2512,,,1,8,,4692,2048,,,1,60,,4693,2048,,,1,10,,4694,2048,,,1,15,,4695,2048,,,1,70,,4696,2048,,,1,30,,4697,2048,,,1,70,,4698,2064,,,1,30,,4699,2064,,,1,70,,4700,2064,,,1,30,,4701,2064,,,1,97,,4702,1884,,,1
1001,'3',852,,5793,2152,,,1,70,,5794,2152,,,1,30,,5795,2152,,,1,70,,5796,2152,,,1,30,,5797,2152,,,1,70,,5798,2152,,,1,34,,5799,2348,,,1,70,,5800,2348,,,1,30,,5801,2348,,,1,70,,5802,2348,,,1,30,,5803,2348,,,1,70,,5804,2348,,,1,30,,5805,2348,,,1,70,,5806,2348,,,1,29,,5807,2288,,,1,70,,5808,2288,,,1,30,,5809,2288,,,1,70,,5810,2288,,,1,30,,5811,2288,,,1,70,,5812,2288,,,1,30,,5813,2288,,,1,70,,5814,2288,,,1,31,,5815,2288,,,1
1001,'4',852,,5816,2152,,,1,70,,5817,2152,,,1,30,,5818,2152,,,1,70,,5819,2152,,,1,30,,5820,2152,,,1,70,,5821,2152,,,1,34,,5822,2348,,,1,70,,5823,2348,,,1,30,,5824,2348,,,1,70,,5825,2348,,,1,30,,5826,2348,,,1,70,,5827,2348,,,1,30,,5828,2348,,,1,70,,5829,2348,,,1,29,,5830,2288,,,1,70,,5831,2288,,,1,30,,5832,2288,,,1,70,,5833,2288,,,1,30,,5834,2288,,,1,70,,5835,2288,,,1,30,,5836,2288,,,1,70,,5837,2288,,,1,31,,5838,2288,,,1
4001,'2',643,,5379,2585,,,1,70,,5380,2585,,,1,30,,5381,2585,,,1,71,,5382,2686,,,1,30,,5383,2686,,,1,70,,5384,2686,,,1,30,,5385,2686,,,1,70,,5386,2686,,,1,30,,5387,2686,,,1,70,,5388,2686,,,1,30,,5389,2686,,,1,70,,5390,2686,,,1,30,,5391,2686,,,1,71,,5392,2746,,,1,30,,5393,2746,,,1,70,,5394,2746,,,1,30,,5395,2746,,,1,74,,5396,2967,,,1,30,,5397,2967,,,1,70,,5398,2967,,,1,30,,5399,2967,,,1,70,,5400,2967,,,1,27,,5401,2806,,,1,70,,5402,2806,,,1,30,,5403,2806,,,1,68,,5404,2645,,,1,441,,5405,2446,,,1
4001,'3',808,,6277,2566,,,1,100,,6278,2566,,,1,100,,6279,2566,,,1,100,,6280,2566,,,1,106,,6281,2907,,,1,100,,6282,2907,,,1,100,,6283,2907,,,1,100,,6284,2907,,,1,94,,6285,2547,,,1,100,,6286,2547,,,1,100,,6287,2547,,,1,100,,6288,2547,,,1,100,,6289,2547,,,1
4001,'4',808,,6290,2566,,,1,100,,6291,2566,,,1,100,,6292,2566,,,1,100,,6293,2566,,,1,106,,6294,2907,,,1,100,,6295,2907,,,1,100,,6296,2907,,,1,100,,6297,2907,,,1,94,,6298,2547,,,1,100,,6299,2547,,,1,100,,6300,2547,,,1,100,,6301,2547,,,1,100,,6302,2547,,,1
6501,'2',657,,5653,2386,,,1,70,,5654,2386,,,1,30,,5655,2386,,,1,74,,5656,2626,,,1,70,,5657,2626,,,1,30,,5658,2626,,,1,70,,5659,2626,,,1,30,,5660,2626,,,1,70,,5661,2626,,,1,30,,5662,2626,,,1,70,,5663,2626,,,1,30,,5664,2626,,,1,71,,5665,2686,,,1,30,,5666,2686,,,1,70,,5667,2686,,,1,30,,5668,2686,,,1,70,,5669,2686,,,1,33,,5670,2866,,,1,70,,5671,2866,,,1,30,,5672,2866,,,1,70,,5673,2866,,,1,28,,5674,2746,,,1,70,,5675,2746,,,1,30,,5676,2746,,,1,67,,5677,2566,,,1,30,,5678,2566,,,1,70,,5679,2566,,,1,30,,5680,2566,,,1,29,,5681,2506,,,1,70,,5682,2506,,,1,30,,5683,2506,,,1,70,,3745,2506,,,1,29,,5684,2405,,,1
6501,'3',842,,6445,2465,,,1,100,,6446,2465,,,1,100,,6447,2465,,,1,103,,6448,2686,,,1,100,,6449,2686,,,1,100,,6450,2686,,,1,100,,6451,2686,,,1,102,,6452,2787,,,1,100,,6453,2787,,,1,100,,6454,2787,,,1,100,,6455,2787,,,1,100,,6456,2787,,,1
6501,'4',842,,6457,2465,,,1,100,,6458,2465,,,1,100,,6459,2465,,,1,103,,6460,2686,,,1,100,,6461,2686,,,1,100,,6462,2686,,,1,100,,6463,2686,,,1,102,,6464,2787,,,1,100,,6465,2787,,,1,100,,6466,2787,,,1,100,,6467,2787,,,1,100,,6468,2787,,,1
8501,'2',638,,5726,2549,,,1,100,,5727,2549,,,1,103,,5728,2746,,,1,100,,5729,2746,,,1,101,,5730,2806,,,1,100,,5731,2806,,,1,100,,5732,2806,,,1,104,,5733,3003,,,1,100,,5734,3003,,,1,105,,5735,3303,,,1,101,,5736,3303,,,1,103,,5737,3466,,,1,101,,5738,3466,,,1,93,,1685,2986,,,1,96,,5739,2643,,,1,101,,5740,2643,,,1,99,,5741,2523,,,1,101,,5742,2523,,,1
8501,'3',855,,6493,2763,,,1,100,,6494,2763,,,1,100,,6495,2763,,,1,103,,6496,2986,,,1,100,,6497,2986,,,1,100,,6498,2986,,,1,100,,6499,2986,,,1,99,,6500,2926,,,1,100,,6501,2926,,,1,100,,6502,2926,,,1,100,,6503,2926,,,1,100,,6504,2926,,,1
8501,'4',855,,6505,2763,,,1,100,,6506,2763,,,1,100,,6507,2763,,,1,103,,6508,2986,,,1,100,,6509,2986,,,1,100,,6510,2986,,,1,100,,6511,2986,,,1,99,,6512,2926,,,1,100,,6513,2926,,,1,100,,6514,2926,,,1,100,,6515,2926,,,1,100,,6516,2926,,,1
