1000,'2',626,,4562,1560,,,1,15,,4563,1560,,,1,15,,4564,1560,,,1,55,,4565,1560,,,1,15,,4566,1560,,,1,15,,4567,1560,,,1,18,,4568,1740,,,1,55,,4569,1740,,,1,15,,4570,1740,,,1,15,,4571,1740,,,1,15,,4572,1740,,,1,55,,4573,1740,,,1,15,,4574,1740,,,1,15,,4575,1740,,,1,15,,4576,1740,,,1,55,,4577,1740,,,1,15,,4578,1740,,,1,15,,4579,1740,,,1,15,,4580,1740,,,1,55,,4581,1740,,,1,15,,4582,1740,,,1,15,,4583,1740,,,1,15,,4584,1740,,,1,55,,4585,1740,,,1,15,,4586,1740,,,1,17,,4587,1860,,,1,55,,4588,1860,,,1,15,,4589,1860,,,1,15,,4590,1860,,,1,15,,4591,1860,,,1,55,,4592,1860,,,1,15,,4593,1860,,,1,15,,4594,1860,,,1,15,,4595,1860,,,1,57,,4596,1980,,,1,15,,353,1980,,,1,15,,4597,1980,,,1,16,,4598,1980,,,1,56,,4599,1980,,,1,15,,4600,1980,,,1,16,,4601,1980,,,1,16,,4602,1980,,,1,55,,4603,1980,,,1,15,,4604,1980,,,1,15,,4605,1980,,,1,15,,4606,1980,,,1,56,,4607,1980,,,1,15,,4608,1980,,,1,10,,4609,1680,,,1,16,,4610,1680,,,1,55,,4611,1680,,,1,15,,4612,1680,,,1,15,,4613,1680,,,1,70,,4614,1680,,,1,28,,4615,1560,,,1,70,,4616,1560,,,1,30,,4617,1560,,,1,70,,4618,1560,,,1,27,,4619,1380,,,1,100,,4620,1380,,,1
1000,'3',825,,5747,1560,,,1,30,,5748,1560,,,1,70,,5749,1560,,,1,30,,5750,1560,,,1,70,,5751,1560,,,1,30,,5752,1560,,,1,70,,5753,1560,,,1,75,,5754,1860,,,1,30,,5755,1860,,,1,70,,5756,1860,,,1,30,,5757,1860,,,1,70,,5758,1860,,,1,30,,5759,1860,,,1,70,,5760,1860,,,1,30,,5761,1860,,,1,70,,5762,1860,,,1,30,,5763,1860,,,1,70,,5764,1860,,,1,30,,5765,1860,,,1,70,,5766,1860,,,1,30,,5767,1860,,,1,70,,5768,1860,,,1,100,,5769,1860,,,1
1000,'4',825,,5770,1560,,,1,30,,5771,1560,,,1,70,,5772,1560,,,1,30,,5773,1560,,,1,70,,5774,1560,,,1,30,,5775,1560,,,1,70,,5776,1560,,,1,75,,5777,1860,,,1,30,,5778,1860,,,1,70,,5779,1860,,,1,30,,5780,1860,,,1,70,,5781,1860,,,1,30,,5782,1860,,,1,70,,5783,1860,,,1,30,,5784,1860,,,1,70,,5785,1860,,,1,30,,5786,1860,,,1,70,,5787,1860,,,1,30,,5788,1860,,,1,70,,5789,1860,,,1,30,,5790,1860,,,1,70,,5791,1860,,,1,100,,5792,1860,,,1
1001,'2',625,,4644,1080,,,1,15,,4645,1080,,,1,15,,4646,1080,,,1,55,,4647,1080,,,1,15,,4648,1080,,,1,15,,4649,1080,,,1,18,,4650,1260,,,1,55,,4651,1260,,,1,15,,4652,1260,,,1,15,,4653,1260,,,1,15,,4654,1260,,,1,55,,4655,1260,,,1,15,,4656,1260,,,1,15,,4657,1260,,,1,15,,4658,1260,,,1,55,,4659,1260,,,1,14,,4660,1200,,,1,15,,4661,1200,,,1,15,,4662,1200,,,1,55,,4663,1200,,,1,15,,4664,1200,,,1,15,,4665,1200,,,1,15,,4666,1200,,,1,55,,4667,1200,,,1,16,,4668,1260,,,1,15,,4669,1260,,,1,15,,4670,1260,,,1,55,,4671,1260,,,1,15,,4672,1260,,,1,15,,4673,1260,,,1,15,,4674,1260,,,1,55,,4675,1260,,,1,15,,4676,1260,,,1,15,,4677,1260,,,1,15,,4678,1260,,,1,55,,4679,1260,,,1,16,,4680,1260,,,1,16,,4681,1260,,,1,55,,4682,1260,,,1,15,,4683,1260,,,1,16,,4684,1260,,,1,16,,4685,1260,,,1,54,,4686,1200,,,1,16,,4687,1200,,,1,16,,4688,1200,,,1,15,,4689,1200,,,1,55,,4690,1200,,,1,15,,4691,1200,,,1,12,,4692,1020,,,1,20,,4693,1020,,,1,50,,4694,1020,,,1,15,,4695,1020,,,1,30,,4696,1020,,,1,70,,4697,1020,,,1,30,,4698,1020,,,1,70,,4699,1020,,,1,30,,4700,1020,,,1,70,,4701,1020,,,1,99,,4702,960,,,1
1001,'3',835,,5793,1080,,,1,70,,5794,1080,,,1,30,,5795,1080,,,1,70,,5796,1080,,,1,30,,5797,1080,,,1,70,,5798,1080,,,1,31,,5799,1140,,,1,70,,5800,1140,,,1,30,,5801,1140,,,1,70,,5802,1140,,,1,30,,5803,1140,,,1,70,,5804,1140,,,1,30,,5805,1140,,,1,70,,5806,1140,,,1,29,,5807,1080,,,1,70,,5808,1080,,,1,30,,5809,1080,,,1,70,,5810,1080,,,1,30,,5811,1080,,,1,70,,5812,1080,,,1,30,,5813,1080,,,1,70,,5814,1080,,,1,31,,5815,1080,,,1
1001,'4',835,,5816,1080,,,1,70,,5817,1080,,,1,30,,5818,1080,,,1,70,,5819,1080,,,1,30,,5820,1080,,,1,70,,5821,1080,,,1,31,,5822,1140,,,1,70,,5823,1140,,,1,30,,5824,1140,,,1,70,,5825,1140,,,1,30,,5826,1140,,,1,70,,5827,1140,,,1,30,,5828,1140,,,1,70,,5829,1140,,,1,29,,5830,1080,,,1,70,,5831,1080,,,1,30,,5832,1080,,,1,70,,5833,1080,,,1,30,,5834,1080,,,1,70,,5835,1080,,,1,30,,5836,1080,,,1,70,,5837,1080,,,1,31,,5838,1080,,,1
2001,'2',605,,4864,240,,,1,15,,4865,240,,,1,15,,4866,240,,,1,15,,4867,240,,,1,55,,4868,240,,,1,15,,4869,240,,,1,15,,4870,240,,,1,15,,4871,240,,,1,55,,4872,240,,,1,15,,4873,240,,,1,15,,4874,240,,,1,15,,4875,240,,,1,55,,4876,240,,,1,15,,4877,240,,,1,15,,4878,240,,,1,15,,4879,240,,,1,55,,4880,240,,,1,15,,4881,240,,,1,15,,4882,240,,,1,15,,4883,240,,,1,55,,4884,240,,,1,15,,4885,240,,,1,15,,4886,240,,,1,15,,4887,240,,,1,56,,4888,300,,,1,15,,4889,300,,,1,15,,4890,300,,,1,15,,4891,300,,,1,55,,4892,300,,,1,15,,4893,300,,,1,15,,4894,300,,,1,15,,4895,300,,,1,55,,4896,300,,,1,15,,4897,300,,,1,15,,4898,300,,,1,15,,4899,300,,,1,55,,4900,300,,,1,15,,4901,300,,,1,16,,4902,300,,,1,16,,4903,300,,,1,55,,4904,300,,,1,15,,4905,300,,,1,16,,4906,300,,,1,16,,4907,300,,,1,55,,4908,300,,,1,15,,4909,300,,,1,16,,4910,300,,,1,16,,4911,300,,,1,54,,4912,240,,,1,15,,4913,240,,,1,15,,4914,240,,,1,70,,4915,240,,,1,30,,4916,240,,,1,70,,4917,240,,,1,30,,4918,240,,,1,70,,4919,240,,,1,30,,4920,240,,,1,70,,4921,240,,,1,100,,4922,240,,,1
2001,'3',811,,5933,240,,,1,30,,5934,240,,,1,70,,5935,240,,,1,30,,5936,240,,,1,70,,5937,240,,,1,30,,5938,240,,,1,70,,5939,240,,,1,30,,5940,240,,,1,70,,5941,240,,,1,30,,5942,240,,,1,70,,5943,240,,,1,30,,5944,240,,,1,70,,5945,240,,,1,30,,5946,240,,,1,70,,5947,240,,,1,30,,5948,240,,,1,70,,5949,240,,,1,30,,5950,240,,,1,70,,5951,240,,,1,30,,5952,240,,,1,70,,5953,240,,,1,30,,5954,240,,,1,70,,5955,240,,,1
2001,'4',811,,5956,240,,,1,30,,5957,240,,,1,70,,5958,240,,,1,30,,5959,240,,,1,70,,5960,240,,,1,30,,5961,240,,,1,70,,5962,240,,,1,30,,5963,240,,,1,70,,5964,240,,,1,30,,5965,240,,,1,70,,5966,240,,,1,30,,5967,240,,,1,70,,5968,240,,,1,30,,5969,240,,,1,70,,5970,240,,,1,30,,5971,240,,,1,70,,5972,240,,,1,30,,5973,240,,,1,70,,5974,240,,,1,30,,5975,240,,,1,70,,5976,240,,,1,30,,5977,240,,,1,70,,5978,240,,,1
5501,'2',554,,5562,240,,,1,70,,5563,240,,,1,30,,5564,240,,,1,70,,5565,240,,,1,30,,5566,240,,,1,70,,5567,240,,,1,30,,5568,240,,,1,70,,5569,240,,,1,30,,5570,240,,,1,71,,5571,300,,,1,30,,5572,300,,,1,70,,5573,300,,,1,30,,5574,300,,,1,69,,5575,240,,,1,30,,5576,240,,,1,70,,5577,240,,,1,30,,5578,240,,,1,70,,5579,240,,,1,30,,5580,240,,,1,71,,5581,240,,,1,30,,5582,240,,,1,70,,5583,240,,,1,31,,5584,300,,,1,70,,5585,300,,,1,30,,5586,300,,,1,69,,5587,240,,,1,30,,5588,240,,,1,70,,5589,240,,,1,30,,5590,240,,,1,70,,5591,240,,,1,30,,5592,240,,,1,70,,5593,240,,,1,30,,5594,240,,,1
5501,'3',830,,6397,240,,,1,100,,6398,240,,,1,100,,6399,240,,,1,100,,6400,240,,,1,100,,6401,240,,,1,100,,6402,240,,,1,100,,6403,240,,,1,100,,6404,240,,,1,100,,6405,240,,,1,100,,6406,240,,,1,100,,6407,240,,,1,100,,6408,240,,,1
5501,'4',830,,6409,240,,,1,100,,6410,240,,,1,100,,6411,240,,,1,100,,6412,240,,,1,100,,6413,240,,,1,100,,6414,240,,,1,100,,6415,240,,,1,100,,6416,240,,,1,100,,6417,240,,,1,100,,6418,240,,,1,100,,6419,240,,,1,100,,6420,240,,,1
