3500,'2',640,,5274,1680,4,,1,70,,5275,1680,4,,1,30,,5276,1680,4,,1,70,,5277,1680,4,,1,30,,5278,1680,4,,1,70,,5279,1680,4,,1,30,,5280,1680,4,,1,70,,5281,1680,4,,1,30,,5282,1680,4,,1,70,,5283,1680,4,,1,30,,5284,1680,4,,1,70,,5285,1680,4,,1,31,,5286,1740,4,,1,70,,5287,1740,4,,1,30,,5288,1740,4,,1,70,,5289,1740,4,,1,30,,5290,1740,4,,1,72,,5291,1860,4,,1,30,,5292,1860,4,,1,70,,5293,1860,4,,1,30,,5294,1860,4,,1,69,,5295,1800,4,,1,30,,5296,1800,4,,1,70,,5297,1800,4,,1,26,,5298,1560,4,,1,70,,5299,1560,4,,1,30,,5300,1560,4,,1,70,,5301,1560,4,,1,29,,5302,1500,4,,1,70,,5303,1500,4,,1,30,,5304,1500,4,,1,70,,5305,1500,4,,1,29,,5306,1440,4,,1,70,,5307,1440,4,,1,30,,5308,1440,4,,1
3500,'3',830,,6185,1620,4,,1,70,,6186,1620,4,,1,30,,6187,1620,4,,1,70,,6188,1620,4,,1,30,,6189,1620,4,,1,70,,6190,1620,4,,1,30,,6191,1620,4,,1,70,,6192,1620,4,,1,30,,6193,1620,4,,1,70,,6194,1620,4,,1,30,,6195,1620,4,,1,70,,6196,1620,4,,1,30,,6197,1620,4,,1,70,,6198,1620,4,,1,32,,6199,1740,4,,1,70,,6200,1740,4,,1,30,,6201,1740,4,,1,70,,6202,1740,4,,1,30,,6203,1740,4,,1,70,,6204,1740,4,,1,30,,6205,1740,4,,1,70,,6206,1740,4,,1,30,,6207,1740,4,,1
3500,'4',830,,6208,1620,4,,1,70,,6209,1620,4,,1,30,,6210,1620,4,,1,70,,6211,1620,4,,1,30,,6212,1620,4,,1,70,,6213,1620,4,,1,30,,6214,1620,4,,1,70,,6215,1620,4,,1,30,,6216,1620,4,,1,70,,6217,1620,4,,1,30,,6218,1620,4,,1,70,,6219,1620,4,,1,30,,6220,1620,4,,1,70,,6221,1620,4,,1,32,,6222,1740,4,,1,70,,6223,1740,4,,1,30,,6224,1740,4,,1,70,,6225,1740,4,,1,30,,6226,1740,4,,1,70,,6227,1740,4,,1,30,,6228,1740,4,,1,70,,6229,1740,4,,1,30,,6230,1740,4,,1
3501,'2',554,,5332,0,,,1,70,,5333,0,,,1,30,,5334,0,,,1,70,,5335,0,,,1,30,,5336,0,,,1,70,,5337,0,,,1,30,,5338,0,,,1,70,,5339,0,,,1,30,,5340,0,,,1,70,,5341,0,,,1,30,,5342,0,,,1,70,,5343,0,,,1,30,,5344,0,,,1,70,,5345,0,,,1,30,,1673,0,,,1,70,,5346,0,,,1,30,,5347,0,,,1,70,,5348,0,,,1,30,,5349,0,,,1,70,,5350,0,,,1,30,,5351,0,,,1,70,,5352,0,,,1,30,,5353,0,,,1,70,,5354,0,,,1,30,,5355,0,,,1,70,,5356,0,,,1,30,,5357,0,,,1,70,,5358,0,,,1,30,,5359,0,,,1,70,,5360,0,,,1,30,,5361,0,,,1,70,,5362,0,,,1,30,,5363,0,,,1,70,,5364,0,,,1,30,,5365,0,,,1
3501,'3',810,,6231,0,,,1,30,,6232,0,,,1,70,,6233,0,,,1,30,,6234,0,,,1,70,,6235,0,,,1,30,,6236,0,,,1,70,,6237,0,,,1,30,,6238,0,,,1,70,,6239,0,,,1,30,,6240,0,,,1,70,,6241,0,,,1,30,,6242,0,,,1,70,,6243,0,,,1,30,,6244,0,,,1,70,,6245,0,,,1,30,,6246,0,,,1,70,,6247,0,,,1,30,,6248,0,,,1,70,,6249,0,,,1,30,,6250,0,,,1,70,,6251,0,,,1,30,,6252,0,,,1,70,,6253,0,,,1
3501,'4',810,,6254,0,,,1,30,,6255,0,,,1,70,,6256,0,,,1,30,,6257,0,,,1,70,,6258,0,,,1,30,,6259,0,,,1,70,,6260,0,,,1,30,,6261,0,,,1,70,,6262,0,,,1,30,,6263,0,,,1,70,,6264,0,,,1,30,,6265,0,,,1,70,,6266,0,,,1,30,,6267,0,,,1,70,,6268,0,,,1,30,,6269,0,,,1,70,,6270,0,,,1,30,,6271,0,,,1,70,,6272,0,,,1,30,,6273,0,,,1,70,,6274,0,,,1,30,,6275,0,,,1,70,,6276,0,,,1
5500,'2',547,,5517,0,,,1,70,,5518,0,,,1,30,,5519,0,,,1,70,,5520,0,,,1,30,,5521,0,,,1,70,,5522,0,,,1,30,,5523,0,,,1,70,,5524,0,,,1,30,,5525,0,,,1,70,,5526,0,,,1,30,,5527,0,,,1,70,,5528,0,,,1,30,,5529,0,,,1,70,,5530,0,,,1,30,,5531,0,,,1,70,,5532,0,,,1,30,,5533,0,,,1,70,,5534,0,,,1,30,,5535,0,,,1,70,,5536,0,,,1,30,,5537,0,,,1,70,,5538,0,,,1,30,,5539,0,,,1,70,,5540,0,,,1,30,,5541,0,,,1,70,,5542,0,,,1,30,,5543,0,,,1,70,,5544,0,,,1,30,,5545,0,,,1,70,,5546,0,,,1,30,,5547,0,,,1,70,,5548,0,,,1,30,,5549,0,,,1
5500,'3',752,,6373,0,,,1,100,,6374,0,,,1,100,,6375,0,,,1,100,,6376,0,,,1,100,,6377,0,,,1,100,,6378,0,,,1,100,,6379,0,,,1,100,,6380,0,,,1,100,,6381,0,,,1,100,,6382,0,,,1,100,,6383,0,,,1,100,,6384,0,,,1
5500,'4',752,,6385,0,,,1,100,,6386,0,,,1,100,,6387,0,,,1,100,,6388,0,,,1,100,,6389,0,,,1,100,,6390,0,,,1,100,,6391,0,,,1,100,,6392,0,,,1,100,,6393,0,,,1,100,,6394,0,,,1,100,,6395,0,,,1,100,,6396,0,,,1
5501,'2',616,,5562,1560,4,,1,30,,5563,1560,4,,1,70,,5564,1560,4,,1,30,,5565,1560,4,,1,70,,5566,1560,4,,1,30,,5567,1560,4,,1,70,,5568,1560,4,,1,30,,5569,1560,4,,1,70,,5570,1560,4,,1,32,,5571,1680,4,,1,70,,5572,1680,4,,1,30,,5573,1680,4,,1,70,,5574,1680,4,,1,28,,5575,1560,4,,1,70,,5576,1560,4,,1,30,,5577,1560,4,,1,70,,5578,1560,4,,1,30,,5579,1560,4,,1,70,,5580,1560,4,,1,31,,5581,1560,4,,1,70,,5582,1560,4,,1,30,,5583,1560,4,,1,73,,5584,1740,4,,1,30,,5585,1740,4,,1,70,,5586,1740,4,,1,28,,5587,1620,4,,1,70,,5588,1620,4,,1,30,,5589,1620,4,,1,70,,5590,1620,4,,1,30,,5591,1620,4,,1,70,,5592,1620,4,,1,30,,5593,1620,4,,1,70,,5594,1620,4,,1
5501,'3',852,,6397,1560,4,,1,100,,6398,1560,4,,1,100,,6399,1560,4,,1,100,,6400,1560,4,,1,100,,6401,1560,4,,1,100,,6402,1560,4,,1,100,,6403,1560,4,,1,100,,6404,1560,4,,1,100,,6405,1560,4,,1,100,,6406,1560,4,,1,100,,6407,1560,4,,1,100,,6408,1560,4,,1
5501,'4',852,,6409,1560,4,,1,100,,6410,1560,4,,1,100,,6411,1560,4,,1,100,,6412,1560,4,,1,100,,6413,1560,4,,1,100,,6414,1560,4,,1,100,,6415,1560,4,,1,100,,6416,1560,4,,1,100,,6417,1560,4,,1,100,,6418,1560,4,,1,100,,6419,1560,4,,1,100,,6420,1560,4,,1
6500,'2',701,,5607,2760,4,,1,30,,5608,2760,4,,1,70,,5609,2760,4,,1,32,,5610,2880,4,,1,70,,5611,2880,4,,1,30,,5612,2880,4,,1,70,,5613,2880,4,,1,30,,5614,2880,4,,1,70,,5615,2880,4,,1,30,,5616,2880,4,,1,70,,5617,2880,4,,1,30,,5618,2880,4,,1,72,,5619,2940,4,,1,30,,5620,2940,4,,1,71,,5621,2940,4,,1,29,,5622,2940,4,,1,71,,5623,2940,4,,1,32,,5624,3180,4,,1,70,,5625,3180,4,,1,30,,5626,3180,4,,1,70,,5627,3180,4,,1,29,,5628,3120,4,,1,70,,5629,3120,4,,1,30,,5630,3120,4,,1,65,,5631,2820,4,,1,30,,5632,2820,4,,1,70,,5633,2820,4,,1,30,,5634,2820,4,,1,68,,5635,2700,4,,1,30,,5636,2700,4,,1,70,,5637,2700,4,,1,30,,5638,2700,4,,1,71,,5639,2760,4,,1,30,,5640,2760,4,,1
6500,'3',843,,6421,2700,4,,1,100,,6422,2700,4,,1,100,,6423,2700,4,,1,100,,6424,2700,4,,1,103,,6425,2880,4,,1,100,,6426,2880,4,,1,100,,6427,2880,4,,1,100,,6428,2880,4,,1,101,,6429,2940,4,,1,100,,6430,2940,4,,1,100,,6431,2940,4,,1,100,,6432,2940,4,,1
6500,'4',843,,6433,2700,4,,1,100,,6434,2700,4,,1,100,,6435,2700,4,,1,100,,6436,2700,4,,1,103,,6437,2880,4,,1,100,,6438,2880,4,,1,100,,6439,2880,4,,1,100,,6440,2880,4,,1,101,,6441,2940,4,,1,100,,6442,2940,4,,1,100,,6443,2940,4,,1,100,,6444,2940,4,,1
6501,'2',618,,5653,0,,,1,30,,5654,0,,,1,70,,5655,0,,,1,30,,5656,0,,,1,70,,5657,0,,,1,30,,5658,0,,,1,70,,5659,0,,,1,30,,5660,0,,,1,70,,5661,0,,,1,30,,5662,0,,,1,70,,5663,0,,,1,30,,5664,0,,,1,70,,5665,0,,,1,30,,5666,0,,,1,70,,5667,0,,,1,30,,5668,0,,,1,70,,5669,0,,,1,30,,5670,0,,,1,70,,5671,0,,,1,30,,5672,0,,,1,70,,5673,0,,,1,30,,5674,0,,,1,70,,5675,0,,,1,30,,5676,0,,,1,70,,5677,0,,,1,30,,5678,0,,,1,70,,5679,0,,,1,30,,5680,0,,,1,70,,5681,0,,,1,30,,5682,0,,,1,70,,5683,0,,,1,30,,3745,0,,,1,70,,5684,0,,,1
6501,'3',801,,6445,0,,,1,100,,6446,0,,,1,100,,6447,0,,,1,100,,6448,0,,,1,100,,6449,0,,,1,100,,6450,0,,,1,100,,6451,0,,,1,100,,6452,0,,,1,100,,6453,0,,,1,100,,6454,0,,,1,100,,6455,0,,,1,100,,6456,0,,,1
6501,'4',801,,6457,0,,,1,100,,6458,0,,,1,100,,6459,0,,,1,100,,6460,0,,,1,100,,6461,0,,,1,100,,6462,0,,,1,100,,6463,0,,,1,100,,6464,0,,,1,100,,6465,0,,,1,100,,6466,0,,,1,100,,6467,0,,,1,100,,6468,0,,,1
8500,'2',625,,5697,2280,,,1,100,,5698,2280,,,1,104,,3196,2520,,,1,100,,5699,2520,,,1,100,,5700,2520,,,1,101,,5701,2580,,,1,100,,5702,2580,,,1,102,,5703,2700,,,1,100,,5704,2700,,,1,106,,5705,3060,,,1,102,,5706,3060,,,1,98,,5707,2880,,,1,101,,5708,2880,,,1,94,,5709,2460,,,1,101,,5710,2460,,,1,98,,5711,2280,,,1,101,,5712,2280,,,1,101,,5713,2280,,,1
8500,'3',848,,6469,2400,,,1,100,,6470,2400,,,1,100,,6471,2400,,,1,104,,6472,2640,,,1,100,,6473,2640,,,1,100,,6474,2640,,,1,100,,6475,2640,,,1,101,,6476,2700,,,1,100,,6477,2700,,,1,100,,6478,2700,,,1,100,,6479,2700,,,1,100,,6480,2700,,,1
8500,'4',848,,6481,2400,,,1,100,,6482,2400,,,1,100,,6483,2400,,,1,104,,6484,2640,,,1,100,,6485,2640,,,1,100,,6486,2640,,,1,100,,6487,2640,,,1,101,,6488,2700,,,1,100,,6489,2700,,,1,100,,6490,2700,,,1,100,,6491,2700,,,1,100,,6492,2700,,,1
8501,'2',605,,5726,540,,,1,100,,5727,540,,,1,101,,5728,600,,,1,100,,5729,600,,,1,101,,5730,660,,,1,100,,5731,660,,,1,100,,5732,660,,,1,101,,5733,720,,,1,100,,5734,720,,,1,101,,5735,780,,,1,101,,5736,780,,,1,102,,5737,840,,,1,101,,5738,840,,,1,99,,1685,720,,,1,100,,5739,660,,,1,101,,5740,660,,,1,100,,5741,600,,,1,101,,5742,600,,,1
8501,'3',819,,6493,600,,,1,100,,6494,600,,,1,100,,6495,600,,,1,102,,6496,720,,,1,100,,6497,720,,,1,100,,6498,720,,,1,100,,6499,720,,,1,99,,6500,660,,,1,100,,6501,660,,,1,100,,6502,660,,,1,100,,6503,660,,,1,100,,6504,660,,,1
8501,'4',819,,6505,600,,,1,100,,6506,600,,,1,100,,6507,600,,,1,102,,6508,720,,,1,100,,6509,720,,,1,100,,6510,720,,,1,100,,6511,720,,,1,99,,6512,660,,,1,100,,6513,660,,,1,100,,6514,660,,,1,100,,6515,660,,,1,100,,6516,660,,,1
